0	0	0	0.002	0	0	0.11002	0
0	0	0	0.004	0	0	0.12006	0
0	0	0	0.006	0	0	0.13012	0
0.000159977	-4.77696e-05	-0.00048	0.008	0	0	0.139398	0.00306237
0.000319931	-9.53088e-05	-0.00096	0.01	0	0	0.148695	0.00620722
0.00103992	1.48452e-05	0.00014	0.012	0	0	0.155205	-0.000946725
0.00175978	0.000126209	0.00124	0.014	0	0	0.161727	-0.00831568
0.0032398	2.00183e-05	0.00018	0.016	0	0	0.164456	-0.00129874
0.00541969	0.00011303	0.0011	0.018	0	0	0.163681	-0.00746512
0.0075995	0.000206888	0.00202	0.02	0	0	0.162905	-0.0136689
0.0102195	0.000219145	0.00214	0.022	0	0	0.159922	-0.0144353
0.0128394	0.000231416	0.00226	0.024	0	0	0.156934	-0.0151964
0.0154594	0.000243702	0.00238	0.026	0	0	0.153939	-0.0159521
0.0182992	0.000317934	0.0031	0.028	0	0	0.149835	-0.0206767
0.0211389	0.000392684	0.00382	0.03	0	0	0.145722	-0.0253752
0.0239785	0.000467952	0.00454	0.032	0	0	0.141601	-0.0300476
0.0268587	0.000405588	0.00394	0.034	0	0	0.137274	-0.0259498
0.0297389	0.000343584	0.00334	0.036	0	0	0.132938	-0.0219155
0.0326191	0.000281941	0.00274	0.038	0	0	0.128593	-0.0179447
0.0354392	0.000204436	0.00198	0.04	0	0	0.12454	-0.0130323
0.0381193	0.000171905	0.00166	0.042	0	0	0.12118	-0.0109687
0.0406393	9.32184e-05	0.00088	0.044	0	0	0.118614	-0.00607587
0.0431593	1.51404e-05	0.0001	0.046	0	0	0.116043	-0.00124572
0.0453393	2.71668e-05	0.00022	0.048	0	0	0.115169	-0.00198709
0.0473993	5.16683e-06	5.42101e-20	0.05	0	0	0.114895	-0.000634231
0.0494593	-1.67848e-05	-0.00022	0.052	0	0	0.114621	0.000717194
0.0513993	-4.79677e-06	-0.0001	0.054	0	0	0.114947	-1.89458e-05
0.0532993	-2.79837e-06	-8e-05	0.056	0	0	0.115474	-0.000141154
0.0551993	-7.99566e-07	-6e-05	0.058	0	0	0.116002	-0.000263792
0.0572793	-7.99566e-07	-6e-05	0.06	0	0	0.115629	-0.000263935
0.0593593	-7.99566e-07	-6e-05	0.062	0	0	0.115256	-0.00026408
0.0614393	-7.99566e-07	-6e-05	0.064	0	0	0.114881	-0.000264224
0.0635193	-7.99566e-07	-6e-05	0.066	0	0	0.114506	-0.00026437
0.0655993	-7.99566e-07	-6e-05	0.068	0	0	0.11413	-0.000264515
0.0676793	-7.99566e-07	-6e-05	0.07	0	0	0.113753	-0.000264661
0.0697793	5.20043e-06	7.45389e-20	0.072	0	0	0.113275	-0.000633433
0.0718593	1.72148e-05	0.00012	0.074	0	0	0.112897	-0.00137135
0.0739393	2.92436e-05	0.00024	0.076	0	0	0.112517	-0.00211028
0.0759993	3.52616e-05	0.0003	0.078	0	0	0.112237	-0.00248138
0.0780393	4.7312e-05	0.00042	0.08	0	0	0.112057	-0.00322256
0.0800793	5.7364e-05	0.00052	0.082	0	0	0.111876	-0.00384201
0.0821193	6.7426e-05	0.00062	0.084	0	0	0.111695	-0.0044626
0.0842193	5.7374e-05	0.00052	0.086	0	0	0.111213	-0.00385154
0.0863193	4.7332e-05	0.00042	0.088	0	0	0.11073	-0.00324093
0.0884193	3.73e-05	0.00032	0.09	0	0	0.110245	-0.00263078
0.0905193	2.7278e-05	0.00022	0.092	0	0	0.10976	-0.0020211
0.0926193	1.32668e-05	8e-05	0.094	0	0	0.109274	-0.00116781
0.0947193	-7.24768e-07	-6e-05	0.096	0	0	0.108787	-0.000315466
0.0967993	-1.66896e-05	-0.00022	0.098	0	0	0.108399	0.000657649
0.0988993	-3.66056e-05	-0.00042	0.1	0	0	0.10791	0.00187185
0.100999	-5.64816e-05	-0.00062	0.102	0	0	0.10742	0.00308408
0.103099	-7.43376e-05	-0.0008	0.104	0	0	0.106929	0.00417374
0.105139	-7.43376e-05	-0.0008	0.106	0	0	0.106737	0.00417965
0.107179	-7.43376e-05	-0.0008	0.108	0	0	0.106546	0.00418555
0.109259	-6.44076e-05	-0.0007	0.11	0	0	0.106153	0.00358619
0.111319	-4.8494e-05	-0.00054	0.112	0	0	0.10586	0.00262393
0.113379	-3.25548e-05	-0.00038	0.114	0	0	0.105566	0.00165974
0.115419	-2.25828e-05	-0.00028	0.116	0	0	0.105372	0.00105729
0.117459	-1.26008e-05	-0.00018	0.118	0	0	0.105177	0.000453724
0.119559	1.39364e-06	-4e-05	0.12	0	0	0.104682	-0.000393582
0.121659	1.54076e-05	0.0001	0.122	0	0	0.104185	-0.00124188
0.123759	2.94412e-05	0.00024	0.124	0	0	0.103688	-0.00209117
0.125719	9.43324e-06	4e-05	0.126	0	0	0.10389	-0.000884419
0.127679	-1.05348e-05	-0.00016	0.128	0	0	0.104094	0.000323141
0.129639	-3.04628e-05	-0.00036	0.13	0	0	0.104297	0.00153151
0.131479	-1.64936e-05	-0.00022	0.132	0	0	0.105103	0.000690452
0.133319	-2.50476e-06	-8e-05	0.134	0	0	0.105909	-0.000155236
0.135119	-2.50476e-06	-8e-05	0.136	0	0	0.106918	-0.000154178
0.136919	-4.50276e-06	-0.0001	0.138	0	0	0.107929	-3.14336e-05
0.138719	-6.50036e-06	-0.00012	0.14	0	0	0.108942	9.18976e-05
0.140599	1.15104e-05	6e-05	0.142	0	0	0.109556	-0.00100626
0.142479	2.95536e-05	0.00024	0.144	0	0	0.110171	-0.00211005
0.144499	5.55364e-06	8.13152e-20	0.146	0	0	0.110086	-0.000646194
0.146559	-1.04208e-05	-0.00016	0.148	0	0	0.1098	0.000329248
0.148619	-2.63696e-05	-0.00032	0.15	0	0	0.109514	0.00130409
0.150679	-4.22928e-05	-0.00048	0.152	0	0	0.109227	0.00227833
0.152799	-4.22928e-05	-0.00048	0.154	0	0	0.108639	0.00227973
0.154919	-4.22928e-05	-0.00048	0.156	0	0	0.10805	0.00228113
0.157019	-4.82604e-05	-0.00054	0.158	0	0	0.10756	0.00264652
0.159119	-5.42244e-05	-0.0006	0.16	0	0	0.107069	0.00301173
0.161219	-6.01848e-05	-0.00066	0.162	0	0	0.106577	0.00337677
0.163299	-4.02768e-05	-0.00046	0.164	0	0	0.106184	0.00217043
0.165379	-2.03288e-05	-0.00026	0.166	0	0	0.10579	0.000961674
0.167459	-3.4076e-07	-6e-05	0.168	0	0	0.105395	-0.000249509
0.169519	1.56752e-05	0.0001	0.17	0	0	0.1051	-0.00122021
0.171639	1.36736e-05	8e-05	0.172	0	0	0.104504	-0.0011
0.173759	1.36736e-05	8e-05	0.174	0	0	0.103906	-0.00110089
0.175879	1.36736e-05	8e-05	0.176	0	0	0.103307	-0.00110178
0.177939	3.37296e-05	0.00028	0.178	0	0	0.103008	-0.00231373
0.179819	7.72444e-06	2e-05	0.18	0	0	0.10361	-0.000746543
0.181699	-1.82132e-05	-0.00024	0.182	0	0	0.104213	0.000822991
0.183419	-2.2396e-07	-6e-05	0.184	0	0	0.105619	-0.000263186
0.185159	2.18112e-05	0.00016	0.186	0	0	0.106927	-0.00160158
0.186899	4.38948e-05	0.00038	0.188	0	0	0.108238	-0.00295037
0.188679	7.81396e-05	0.00072	0.19	0	0	0.109351	-0.00504645
0.190459	0.0001125	0.00106	0.192	0	0	0.110466	-0.00715934
0.192239	0.000146976	0.0014	0.194	0	0	0.111584	-0.00928907
0.194119	0.000212281	0.00204	0.196	0	0	0.112202	-0.0133023
0.196239	0.000208201	0.002	0.198	0	0	0.11162	-0.0130626
0.198359	0.000204123	0.00196	0.2	0	0	0.111036	-0.012823
0.200459	0.000193937	0.00186	0.202	0	0	0.110552	-0.0122131
0.202619	0.000167521	0.0016	0.204	0	0	0.109766	-0.010609
0.204779	0.000141173	0.00134	0.206	0	0	0.108978	-0.00900976
0.206979	0.000122964	0.00116	0.208	0	0	0.107989	-0.00790398
0.209119	0.000120941	0.00114	0.21	0	0	0.107298	-0.00778546
0.211239	0.000112856	0.00106	0.212	0	0	0.106705	-0.00730038
0.213359	0.000104778	0.00098	0.214	0	0	0.106112	-0.00681576
0.215479	9.6706e-05	0.0009	0.216	0	0	0.105517	-0.00633159
0.217499	0.000108828	0.00102	0.218	0	0	0.105422	-0.00707424
0.219519	0.000120965	0.00114	0.22	0	0	0.105327	-0.0078186
0.221539	0.000133116	0.00126	0.222	0	0	0.105231	-0.00856466
0.223499	0.000129068	0.00122	0.224	0	0	0.105436	-0.00833554
0.225459	0.00012502	0.00118	0.226	0	0	0.105642	-0.00810593
0.227499	0.000139205	0.00132	0.228	0	0	0.105446	-0.00897441
0.229579	0.000141232	0.00134	0.23	0	0	0.105051	-0.00910566
0.231659	0.000143259	0.00136	0.232	0	0	0.104654	-0.00923697
0.233679	0.00013111	0.00124	0.234	0	0	0.104557	-0.00851585
0.235639	0.000135162	0.00128	0.236	0	0	0.104761	-0.00877636
0.237599	0.000139214	0.00132	0.238	0	0	0.104965	-0.00903752
0.239479	0.000116972	0.0011	0.24	0	0	0.10557	-0.00771285
0.241239	0.000127092	0.0012	0.242	0	0	0.106778	-0.00835162
0.242999	0.000137222	0.0013	0.244	0	0	0.107988	-0.00899435
0.244759	0.000149393	0.00142	0.246	0	0	0.1092	-0.00976461
0.246519	0.000161577	0.00154	0.248	0	0	0.110415	-0.0105398
0.248639	0.000159547	0.00152	0.25	0	0	0.109828	-0.0104232
0.250759	0.000157517	0.0015	0.252	0	0	0.109241	-0.0103067
0.252879	0.000155488	0.00148	0.254	0	0	0.108652	-0.0101902
0.254959	0.0001413	0.00134	0.256	0	0	0.108263	-0.00933759
0.257039	0.000127132	0.0012	0.258	0	0	0.107872	-0.00848565
0.259119	0.000112984	0.00106	0.26	0	0	0.107481	-0.00763436
0.261179	0.000117028	0.0011	0.262	0	0	0.10719	-0.00788805
0.263239	0.000121073	0.00114	0.264	0	0	0.106897	-0.00814198
0.265279	0.000119051	0.00112	0.266	0	0	0.106704	-0.00802922
0.267319	0.000117029	0.0011	0.268	0	0	0.106511	-0.00791636
0.269339	0.000121074	0.00114	0.27	0	0	0.106418	-0.00817229
0.271359	0.000125122	0.00118	0.272	0	0	0.106324	-0.00842862
0.273379	0.00012917	0.00122	0.274	0	0	0.10623	-0.00868536
0.275439	0.000121079	0.00114	0.276	0	0	0.105936	-0.00820457
0.277519	0.000119057	0.00112	0.278	0	0	0.105541	-0.00808974
0.279599	0.000117035	0.0011	0.28	0	0	0.105145	-0.00797488
0.281679	0.000119057	0.00112	0.282	0	0	0.104748	-0.00810449
0.283759	0.00012108	0.00114	0.284	0	0	0.104351	-0.00823416
0.285839	0.000123103	0.00116	0.286	0	0	0.103952	-0.00836388
0.287739	0.000137285	0.0013	0.288	0	0	0.104455	-0.00923877
0.289639	0.000151487	0.00144	0.29	0	0	0.104958	-0.0101175
0.291539	0.000165708	0.00158	0.292	0	0	0.105463	-0.011
0.293299	0.000153533	0.00146	0.294	0	0	0.10667	-0.0102977
0.295059	0.000141372	0.00134	0.296	0	0	0.107879	-0.009592
0.296819	0.000129226	0.00122	0.298	0	0	0.109091	-0.00888293
0.298619	0.000127202	0.0012	0.3	0	0	0.110105	-0.0087848
0.300559	8.88899e-05	0.00082	0.302	0	0	0.11042	-0.00646228
0.302619	8.48587e-05	0.00078	0.304	0	0	0.110134	-0.00622281
0.304679	8.08291e-05	0.00074	0.306	0	0	0.109847	-0.00598324
0.306779	6.67451e-05	0.0006	0.308	0	0	0.109359	-0.005129
0.308879	5.66951e-05	0.0005	0.31	0	0	0.10887	-0.00452036
0.310979	4.66551e-05	0.0004	0.312	0	0	0.108381	-0.0039122
0.313079	4.06347e-05	0.00034	0.314	0	0	0.10789	-0.00354855
0.315179	3.66227e-05	0.0003	0.316	0	0	0.107398	-0.00330698
0.317279	3.26123e-05	0.00026	0.318	0	0	0.106905	-0.00306548
0.319399	3.26123e-05	0.00026	0.32	0	0	0.106311	-0.0030672
0.321519	3.26123e-05	0.00026	0.322	0	0	0.105716	-0.00306891
0.323639	3.26123e-05	0.00026	0.324	0	0	0.10512	-0.00307062
0.325739	2.86035e-05	0.00022	0.326	0	0	0.104622	-0.0028299
0.327839	2.45963e-05	0.00018	0.328	0	0	0.104124	-0.00258925
0.329939	2.05907e-05	0.00014	0.33	0	0	0.103625	-0.00234868
0.331959	-3.38526e-06	-0.0001	0.332	0	0	0.103525	-0.000900943
0.333859	6.61474e-06	2.57498e-19	0.334	0	0	0.104026	-0.00150513
0.335759	1.66247e-05	0.0001	0.336	0	0	0.104529	-0.00211182
0.337579	6.62474e-06	2.57498e-19	0.338	0	0	0.105433	-0.00150795
0.339339	1.66347e-05	0.0001	0.34	0	0	0.10664	-0.00211676
0.341059	1.66347e-05	0.0001	0.342	0	0	0.108049	-0.00211983
0.342779	1.66347e-05	0.0001	0.344	0	0	0.109461	-0.00212291
0.344639	-1.92717e-05	-0.00026	0.346	0	0	0.110175	7.02568e-05
0.346639	-1.72765e-05	-0.00024	0.348	0	0	0.110189	-4.97779e-05
0.348639	-1.52809e-05	-0.00022	0.35	0	0	0.110202	-0.000170038
0.350639	-1.32849e-05	-0.0002	0.352	0	0	0.110216	-0.000290522
0.352719	-2.72373e-05	-0.00034	0.354	0	0	0.109829	0.000562807
0.354799	-4.11701e-05	-0.00048	0.356	0	0	0.109441	0.00141546
0.356899	-4.91253e-05	-0.00056	0.358	0	0	0.108952	0.00190295
0.359019	-6.30273e-05	-0.0007	0.36	0	0	0.108361	0.00275275
0.361139	-7.69096e-05	-0.00084	0.362	0	0	0.10777	0.0036013
0.363279	-8.4836e-05	-0.00092	0.364	0	0	0.107077	0.00408595
0.365379	-8.08712e-05	-0.00088	0.366	0	0	0.106583	0.00384862
0.367479	-7.69048e-05	-0.00084	0.368	0	0	0.106089	0.0036112
0.369559	-7.69048e-05	-0.00084	0.37	0	0	0.105693	0.00361557
0.371639	-7.69048e-05	-0.00084	0.372	0	0	0.105297	0.00361993
0.373699	-6.89657e-05	-0.00076	0.374	0	0	0.105	0.00314337
0.375799	-4.70845e-05	-0.00054	0.376	0	0	0.104502	0.00182033
0.377899	-2.51549e-05	-0.00032	0.378	0	0	0.104003	0.000494864
0.379759	-3.51129e-05	-0.00042	0.38	0	0	0.104705	0.00110323
0.381619	-4.50609e-05	-0.00052	0.382	0	0	0.105409	0.0017135
0.383479	-5.49989e-05	-0.00062	0.384	0	0	0.106114	0.00232568
0.385279	-4.10661e-05	-0.00048	0.386	0	0	0.107121	0.00148942
0.387079	-2.71137e-05	-0.00034	0.388	0	0	0.108131	0.000647975
0.388879	-1.31417e-05	-0.0002	0.39	0	0	0.109142	-0.000198671
0.390959	-2.51033e-05	-0.00032	0.392	0	0	0.108752	0.000531642
0.393039	-3.70505e-05	-0.00044	0.394	0	0	0.108362	0.00126149
0.395179	-2.90793e-05	-0.00036	0.396	0	0	0.10767	0.000776661
0.397319	-2.11017e-05	-0.00028	0.398	0	0	0.106977	0.000291814
0.399499	-2.11017e-05	-0.00028	0.4	0	0	0.106082	0.000291418
0.401599	-4.10056e-05	-0.00048	0.402	0	0	0.105586	0.0015005
0.403699	-6.08696e-05	-0.00068	0.404	0	0	0.105089	0.00270758
0.405719	-6.08696e-05	-0.00068	0.406	0	0	0.104992	0.00271301
0.407799	-4.89368e-05	-0.00056	0.408	0	0	0.104594	0.00199304
0.409879	-3.69896e-05	-0.00044	0.41	0	0	0.104195	0.00127211
0.411699	-3.69896e-05	-0.00044	0.412	0	0	0.105098	0.00127979
0.413519	-3.69896e-05	-0.00044	0.414	0	0	0.106003	0.00128747
0.415339	-3.69896e-05	-0.00044	0.416	0	0	0.106909	0.00129515
0.417339	-1.90364e-05	-0.00026	0.418	0	0	0.106916	0.000206978
0.419339	-1.05085e-06	-8e-05	0.42	0	0	0.106923	-0.000884641
0.421339	1.69672e-05	0.0001	0.422	0	0	0.106929	-0.00197971
0.423379	2.29768e-05	0.00016	0.424	0	0	0.106736	-0.00234633
0.425419	2.899e-05	0.00022	0.426	0	0	0.106541	-0.0027135
0.427459	3.50068e-05	0.00028	0.428	0	0	0.106347	-0.00308122
0.429559	5.71167e-05	0.0005	0.43	0	0	0.105851	-0.00442392
0.431759	5.30983e-05	0.00046	0.432	0	0	0.104853	-0.00418138
0.433879	2.90455e-05	0.00022	0.434	0	0	0.104255	-0.00272868
0.435999	5.05035e-06	-2e-05	0.436	0	0	0.103655	-0.00127933
0.437959	2.50863e-05	0.00018	0.438	0	0	0.103855	-0.00249131
0.439779	7.08635e-06	2.71051e-20	0.44	0	0	0.104757	-0.00140508
0.441599	-1.08813e-05	-0.00018	0.442	0	0	0.105662	-0.000315423
0.443359	-1.08813e-05	-0.00018	0.444	0	0	0.106868	-0.000312163
0.445119	-1.28773e-05	-0.0002	0.446	0	0	0.108077	-0.000187284
0.446879	-1.48729e-05	-0.00022	0.448	0	0	0.109288	-6.17367e-05
0.448839	-6.88405e-06	-0.00014	0.45	0	0	0.1095	-0.000547622
0.450799	1.11115e-06	-6e-05	0.452	0	0	0.109712	-0.00103497
0.452759	9.11275e-06	2e-05	0.454	0	0	0.109924	-0.00152377
0.454779	2.91567e-05	0.00022	0.456	0	0	0.109836	-0.00274854
0.456879	2.31471e-05	0.00016	0.458	0	0	0.109347	-0.00238369
0.458979	1.71411e-05	0.0001	0.46	0	0	0.108858	-0.00201901
0.461159	2.91675e-05	0.00022	0.462	0	0	0.107966	-0.00275191
0.463339	4.12083e-05	0.00034	0.464	0	0	0.107073	-0.00348459
0.465519	5.32635e-05	0.00046	0.466	0	0	0.106177	-0.00421705
0.467579	3.52131e-05	0.00028	0.468	0	0	0.105882	-0.0031261
0.469599	2.91999e-05	0.00022	0.47	0	0	0.105786	-0.00276462
0.471639	2.91999e-05	0.00022	0.472	0	0	0.105589	-0.00276711
0.473679	2.91999e-05	0.00022	0.474	0	0	0.105392	-0.0027696
0.475699	3.72239e-05	0.0003	0.476	0	0	0.105295	-0.00325854
0.477699	4.32455e-05	0.00036	0.478	0	0	0.105298	-0.00362714
0.479699	4.92707e-05	0.00042	0.48	0	0	0.105301	-0.00399651
0.481699	5.52995e-05	0.00048	0.482	0	0	0.105304	-0.00436668
0.483699	4.92743e-05	0.00042	0.484	0	0	0.105307	-0.00400718
0.485699	4.32527e-05	0.00036	0.486	0	0	0.10531	-0.00364725
0.487759	5.12879e-05	0.00044	0.488	0	0	0.105013	-0.00413708
0.489839	5.12879e-05	0.00044	0.49	0	0	0.104614	-0.00414045
0.491919	5.12879e-05	0.00044	0.492	0	0	0.104215	-0.00414382
0.493999	5.12879e-05	0.00044	0.494	0	0	0.103815	-0.00414719
0.495979	8.15099e-05	0.00074	0.496	0	0	0.103915	-0.00597863
0.497959	0.000111822	0.00104	0.498	0	0	0.104016	-0.0078182
0.499819	0.000109802	0.00102	0.5	0	0	0.104717	-0.00771452
0.501659	0.000113844	0.00106	0.502	0	0	0.105521	-0.00797843
0.503419	9.76999e-05	0.0009	0.504	0	0	0.106727	-0.00702302
0.505179	8.15815e-05	0.00074	0.506	0	0	0.107935	-0.00606343
0.506939	6.54887e-05	0.00058	0.508	0	0	0.109146	-0.00509967
0.508799	5.54407e-05	0.00048	0.51	0	0	0.109858	-0.00449708
0.510659	4.54027e-05	0.00038	0.512	0	0	0.110571	-0.00389258
0.512519	3.53747e-05	0.00028	0.514	0	0	0.111286	-0.00328614
0.514519	6.55487e-05	0.00058	0.516	0	0	0.111301	-0.00513534
0.516519	9.58127e-05	0.00088	0.518	0	0	0.111316	-0.00699216
0.518519	0.000126167	0.00118	0.52	0	0	0.11133	-0.00885659
0.520599	0.000126167	0.00118	0.522	0	0	0.110944	-0.00886466
0.522679	0.000126167	0.00118	0.524	0	0	0.110557	-0.00887271
0.524739	0.000118079	0.0011	0.526	0	0	0.11027	-0.00838851
0.526759	0.000118079	0.0011	0.528	0	0	0.110182	-0.00839935
0.528779	0.000118079	0.0011	0.53	0	0	0.110095	-0.0084102
0.530859	0.000132252	0.00124	0.532	0	0	0.109706	-0.00928142
0.532939	0.000146445	0.00138	0.534	0	0	0.109316	-0.0101539
0.535019	0.000160658	0.00152	0.536	0	0	0.108926	-0.0110278
0.537099	0.000172855	0.00164	0.538	0	0	0.108535	-0.0117792
0.539179	0.000185066	0.00176	0.54	0	0	0.108143	-0.0125316
0.541299	0.000164754	0.00156	0.542	0	0	0.10755	-0.0113069
0.543419	0.000144482	0.00136	0.544	0	0	0.106956	-0.0100846
0.545539	0.00012425	0.00116	0.546	0	0	0.106361	-0.0088646
0.547699	9.39923e-05	0.00086	0.548	0	0	0.105565	-0.00703516
0.549859	6.38243e-05	0.00056	0.55	0	0	0.104766	-0.00521198
0.552019	3.37463e-05	0.00026	0.552	0	0	0.103966	-0.00339507
0.553939	6.39143e-05	0.00056	0.554	0	0	0.104367	-0.00522401
0.555859	9.41723e-05	0.00086	0.556	0	0	0.104768	-0.00706288
0.557779	0.00012452	0.00116	0.558	0	0	0.10517	-0.0089117
0.559559	0.000118454	0.0011	0.56	0	0	0.106274	-0.00856929
0.561339	0.000112392	0.00104	0.562	0	0	0.107381	-0.00822515
0.563239	0.00013873	0.0013	0.564	0	0	0.107888	-0.00984172
0.565139	0.000165135	0.00156	0.566	0	0	0.108397	-0.011467
0.567139	0.000167167	0.00158	0.568	0	0	0.108405	-0.0116071
0.569139	0.000169199	0.0016	0.57	0	0	0.108414	-0.0117474
0.571139	0.000171231	0.00162	0.572	0	0	0.108423	-0.011888
0.573259	0.000138815	0.0013	0.574	0	0	0.10783	-0.00992639
0.575419	0.000118595	0.0011	0.576	0	0	0.107036	-0.00870286
0.577579	9.84155e-05	0.0009	0.578	0	0	0.106241	-0.00748246
0.579719	7.82755e-05	0.0007	0.58	0	0	0.105544	-0.00626593
0.581859	5.81755e-05	0.0005	0.582	0	0	0.104845	-0.00505217
0.583999	3.81155e-05	0.0003	0.584	0	0	0.104145	-0.00384119
0.586159	2.00939e-05	0.00012	0.586	0	0	0.103344	-0.00275369
0.588239	2.20967e-05	0.00014	0.588	0	0	0.102941	-0.00287615
0.590319	2.40999e-05	0.00016	0.59	0	0	0.102538	-0.00299866
0.592219	-2.17621e-05	-0.0003	0.592	0	0	0.103036	-0.000230216
0.593939	-1.17821e-05	-0.0002	0.594	0	0	0.104437	-0.000828273
0.595619	-1.17821e-05	-0.0002	0.596	0	0	0.106041	-0.000823887
0.597299	-1.17821e-05	-0.0002	0.598	0	0	0.107648	-0.000819495
0.598959	-9.78573e-06	-0.00018	0.6	0	0	0.109358	-0.000936787
0.600759	3.03023e-05	0.00022	0.602	0	0	0.11037	-0.00338388
0.602559	7.05503e-05	0.00062	0.604	0	0	0.111385	-0.0058511
0.604659	3.24591e-05	0.00024	0.606	0	0	0.110898	-0.00352536
0.606839	1.64463e-05	8e-05	0.608	0	0	0.11001	-0.00254821
0.609019	4.5906e-07	-8e-05	0.61	0	0	0.10912	-0.0015736
0.611199	-1.55025e-05	-0.00024	0.612	0	0	0.108228	-0.000601515
0.613279	-3.54145e-05	-0.00044	0.614	0	0	0.107835	0.000612353
0.615359	-5.52865e-05	-0.00064	0.616	0	0	0.107441	0.00182463
0.617439	-7.11585e-05	-0.0008	0.618	0	0	0.107047	0.0027941
0.619399	-5.52609e-05	-0.00064	0.62	0	0	0.107253	0.00183479
0.621359	-3.93377e-05	-0.00048	0.622	0	0	0.10746	0.000871949
0.623319	-2.33889e-05	-0.00032	0.624	0	0	0.107666	-9.44254e-05
0.625339	-2.33889e-05	-0.00032	0.626	0	0	0.107573	-9.23854e-05
0.627359	-2.33889e-05	-0.00032	0.628	0	0	0.107479	-9.0346e-05
0.629459	-3.41293e-06	-0.00012	0.63	0	0	0.106985	-0.00130436
0.631579	8.58707e-06	-1.76183e-19	0.632	0	0	0.106389	-0.0020336
0.633659	8.58707e-06	-1.76183e-19	0.634	0	0	0.105992	-0.00203446
0.635739	8.58707e-06	-1.76183e-19	0.636	0	0	0.105595	-0.00203531
0.637819	8.58707e-06	-1.76183e-19	0.638	0	0	0.105197	-0.00203617
0.639859	1.45907e-05	6e-05	0.64	0	0	0.104998	-0.00240081
0.641899	2.05979e-05	0.00012	0.642	0	0	0.104799	-0.00276599
0.643939	2.66087e-05	0.00018	0.644	0	0	0.1046	-0.00313171
0.645839	2.86127e-05	0.0002	0.646	0	0	0.105101	-0.0032567
0.647739	3.06171e-05	0.00022	0.648	0	0	0.105604	-0.00338211
0.649639	3.26219e-05	0.00024	0.65	0	0	0.106108	-0.00350794
0.651639	1.86079e-05	0.0001	0.652	0	0	0.106111	-0.00266055
0.653639	4.61347e-06	-4e-05	0.654	0	0	0.106115	-0.00181273
0.655699	8.61347e-06	-2.10064e-19	0.656	0	0	0.105818	-0.00205604
0.657719	2.46391e-05	0.00016	0.658	0	0	0.105721	-0.00302894
0.659739	4.06903e-05	0.00032	0.66	0	0	0.105623	-0.00400441
0.661779	6.28091e-05	0.00054	0.662	0	0	0.105425	-0.00534793
0.663819	8.49763e-05	0.00076	0.664	0	0	0.105227	-0.00669522
0.665939	8.49763e-05	0.00076	0.666	0	0	0.104628	-0.00669916
0.668059	8.90083e-05	0.0008	0.668	0	0	0.104027	-0.00694671
0.670179	9.30419e-05	0.00084	0.67	0	0	0.103425	-0.00719425
0.672059	7.69331e-05	0.00068	0.672	0	0	0.104025	-0.0062351
0.673939	6.08499e-05	0.00052	0.674	0	0	0.104626	-0.00527371
0.675819	4.47923e-05	0.00036	0.676	0	0	0.105227	-0.00431007
0.677659	1.87663e-05	0.0001	0.678	0	0	0.106031	-0.00273786
0.679499	-7.19214e-06	-0.00016	0.68	0	0	0.106836	-0.00116225
0.681339	-3.30829e-05	-0.00042	0.682	0	0	0.107643	0.000416757
0.683219	-2.51101e-05	-0.00034	0.684	0	0	0.10825	-6.34197e-05
0.685099	-1.71309e-05	-0.00026	0.686	0	0	0.10886	-0.000545684
0.687039	8.86906e-06	-1.0842e-19	0.688	0	0	0.109169	-0.00212961
0.688979	3.49367e-05	0.00026	0.69	0	0	0.109479	-0.00372113
0.690999	4.29639e-05	0.00034	0.692	0	0	0.109389	-0.00421406
0.693099	7.71951e-05	0.00068	0.694	0	0	0.108898	-0.00630192
0.695199	0.000111542	0.00102	0.696	0	0	0.108406	-0.00839565
0.697359	0.000131786	0.00122	0.698	0	0	0.107612	-0.00962816
0.699479	0.000143947	0.00134	0.7	0	0	0.107017	-0.0103718
0.701599	0.000156122	0.00146	0.702	0	0	0.106421	-0.0111159
0.703719	0.000170346	0.0016	0.704	0	0	0.105824	-0.0119835
0.705739	0.000154115	0.00144	0.706	0	0	0.105727	-0.0110167
0.707759	0.000137911	0.00128	0.708	0	0	0.105629	-0.0100498
0.709799	0.000127793	0.00118	0.71	0	0	0.105431	-0.00944874
0.711839	0.000117685	0.00108	0.712	0	0	0.105233	-0.00884754
0.713879	0.000107587	0.00098	0.714	0	0	0.105034	-0.00824622
0.715939	0.000103549	0.00094	0.716	0	0	0.104735	-0.00800986
0.717999	9.74962e-05	0.00088	0.718	0	0	0.104435	-0.00765149
0.720059	9.1447e-05	0.00082	0.72	0	0	0.104135	-0.00729305
0.722039	6.1291e-05	0.00052	0.722	0	0	0.104234	-0.00547949
0.723899	6.33018e-05	0.00054	0.724	0	0	0.104935	-0.005611
0.725679	4.32338e-05	0.00034	0.726	0	0	0.106039	-0.0044058
0.727459	2.32058e-05	0.00014	0.728	0	0	0.107144	-0.00319619
0.729139	2.7213e-05	0.00018	0.73	0	0	0.108753	-0.00344503
0.730959	6.54258e-05	0.00056	0.732	0	0	0.109663	-0.00578057
0.732779	0.000103783	0.00094	0.734	0	0	0.110575	-0.0081341
0.734819	7.76062e-05	0.00068	0.736	0	0	0.110387	-0.00654424
0.736979	8.36506e-05	0.00074	0.738	0	0	0.109597	-0.00691522
0.739139	8.96986e-05	0.0008	0.74	0	0	0.108806	-0.00728601
0.741299	9.57502e-05	0.00086	0.742	0	0	0.108013	-0.00765663
0.743459	0.000101805	0.00092	0.744	0	0	0.107218	-0.00802707
0.745619	0.000107864	0.00098	0.746	0	0	0.106422	-0.00839733
0.747719	9.97922e-05	0.0009	0.748	0	0	0.105925	-0.00791409
0.749779	0.00010383	0.00094	0.75	0	0	0.105627	-0.00816593
0.751839	0.000107869	0.00098	0.752	0	0	0.105329	-0.008418
0.753879	0.000107869	0.00098	0.754	0	0	0.10513	-0.00842684
0.755919	0.000107869	0.00098	0.756	0	0	0.104931	-0.00843567
0.757959	0.000107869	0.00098	0.758	0	0	0.104731	-0.00844451
0.759999	0.00010585	0.00096	0.76	0	0	0.104531	-0.00833126
0.761959	0.000122029	0.00112	0.762	0	0	0.104731	-0.00932192
0.763759	8.9773e-05	0.0008	0.764	0	0	0.105734	-0.00739098
0.765559	5.76194e-05	0.00048	0.766	0	0	0.106739	-0.00545553
0.767359	2.55682e-05	0.00016	0.768	0	0	0.107745	-0.00351557
0.769219	4.56402e-05	0.00036	0.77	0	0	0.108453	-0.00474178
0.771079	6.57522e-05	0.00056	0.772	0	0	0.109162	-0.00597483
0.772939	8.59042e-05	0.00076	0.774	0	0	0.109873	-0.00721474
0.774879	0.000126368	0.00116	0.776	0	0	0.110184	-0.00969368
0.776819	0.000166992	0.00156	0.778	0	0	0.110495	-0.0121872
0.778758	0.000207776	0.00196	0.78	0	0	0.110807	-0.0146953
0.780878	0.00022207	0.0021	0.782	0	0	0.110218	-0.0155749
0.782998	0.000236384	0.00224	0.784	0	0	0.109628	-0.0164553
0.785078	0.000236384	0.00224	0.786	0	0	0.109237	-0.0164702
0.787178	0.000228211	0.00216	0.788	0	0	0.108745	-0.0159864
0.789278	0.000220044	0.00208	0.79	0	0	0.108253	-0.0155028
0.791338	0.000199668	0.00188	0.792	0	0	0.10796	-0.014282
0.793398	0.000179332	0.00168	0.794	0	0	0.107666	-0.0130623
0.795458	0.000157011	0.00146	0.796	0	0	0.107372	-0.0117207
0.797539	0.000136759	0.00126	0.798	0	0	0.106977	-0.0105021
0.799619	0.000116547	0.00106	0.8	0	0	0.106581	-0.00928498
0.801739	9.03393e-05	0.0008	0.802	0	0	0.105983	-0.00770173
0.803859	6.41989e-05	0.00054	0.804	0	0	0.105385	-0.00612234
0.805979	3.81261e-05	0.00028	0.806	0	0	0.104785	-0.00454683
0.808099	1.41165e-05	4e-05	0.808	0	0	0.104185	-0.00309603
0.810219	-9.83545e-06	-0.0002	0.81	0	0	0.103582	-0.00164861
0.812339	-3.37299e-05	-0.00044	0.812	0	0	0.102979	-0.000204576
0.814079	-2.77527e-05	-0.00038	0.814	0	0	0.104278	-0.000557512
0.815819	-2.17719e-05	-0.00032	0.816	0	0	0.10558	-0.000912776
0.817559	-1.57875e-05	-0.00026	0.818	0	0	0.106885	-0.00127037
0.819319	-5.80345e-06	-0.00016	0.82	0	0	0.108091	-0.00187395
0.821119	-9.79545e-06	-0.0002	0.822	0	0	0.1091	-0.00162811
0.823119	4.23709e-05	0.00032	0.824	0	0	0.109109	-0.00480802
0.825119	9.48077e-05	0.00084	0.826	0	0	0.109117	-0.00800678
0.827218	0.000121094	0.0011	0.828	0	0	0.108625	-0.00961148
0.829278	0.000139324	0.00128	0.83	0	0	0.108332	-0.0107287
0.831338	0.000157587	0.00146	0.832	0	0	0.108038	-0.0118483
0.833498	0.000151503	0.0014	0.834	0	0	0.107244	-0.0114833
0.835618	0.000139349	0.00128	0.836	0	0	0.106648	-0.0107533
0.837738	0.00012721	0.00116	0.838	0	0	0.10605	-0.0100241
0.839858	0.000113067	0.00102	0.84	0	0	0.105452	-0.0091737
0.841978	9.89441e-05	0.00088	0.842	0	0	0.104852	-0.00832452
0.844098	8.48405e-05	0.00074	0.844	0	0	0.104251	-0.00747658
0.846198	6.67397e-05	0.00056	0.846	0	0	0.103749	-0.00638775
0.848258	6.27189e-05	0.00052	0.848	0	0	0.103447	-0.00614991
0.850319	5.86997e-05	0.00048	0.85	0	0	0.103144	-0.00591199
0.852259	2.06617e-05	0.0001	0.852	0	0	0.103441	-0.00362051
0.854039	2.66713e-05	0.00016	0.854	0	0	0.104541	-0.00398748
0.855838	4.07133e-05	0.0003	0.856	0	0	0.105543	-0.00484301
0.857638	5.47749e-05	0.00044	0.858	0	0	0.106546	-0.00570374
0.859438	6.68421e-05	0.00056	0.86	0	0	0.107552	-0.00644727
0.861278	8.69941e-05	0.00076	0.862	0	0	0.108359	-0.00768481
0.863118	0.000107186	0.00096	0.864	0	0	0.109167	-0.00892961
0.865158	6.89657e-05	0.00058	0.866	0	0	0.108976	-0.00660954
0.867278	4.88897e-05	0.00038	0.868	0	0	0.108383	-0.00539042
0.869398	2.88537e-05	0.00018	0.87	0	0	0.10779	-0.00417367
0.871518	8.85771e-06	-2e-05	0.872	0	0	0.107195	-0.0029593
0.873638	-7.11349e-06	-0.00018	0.874	0	0	0.106598	-0.00198959
0.875758	-2.30591e-05	-0.00034	0.876	0	0	0.106001	-0.00102148
0.877918	-3.10255e-05	-0.00042	0.878	0	0	0.105201	-0.000538612
0.879998	-1.90615e-05	-0.0003	0.88	0	0	0.104801	-0.00126235
0.882078	-7.08309e-06	-0.00018	0.882	0	0	0.104401	-0.00198704
0.884138	-1.09029e-06	-0.00012	0.884	0	0	0.104099	-0.00234958
0.886118	2.89637e-05	0.00018	0.886	0	0	0.104198	-0.00416765
0.888098	5.91077e-05	0.00048	0.888	0	0	0.104297	-0.00599383
0.889938	5.30825e-05	0.00042	0.89	0	0	0.105098	-0.00563866
0.891678	7.52233e-05	0.00064	0.892	0	0	0.106401	-0.00699278
0.893398	9.33709e-05	0.00082	0.894	0	0	0.107807	-0.00811254
0.895118	0.000111551	0.001	0.896	0	0	0.109215	-0.00924084
0.896838	0.000129763	0.00118	0.898	0	0	0.110627	-0.0103777
0.898838	9.54777e-05	0.00084	0.9	0	0	0.110639	-0.00829691
0.900838	6.13077e-05	0.0005	0.902	0	0	0.11065	-0.00621843
0.902838	2.72533e-05	0.00016	0.904	0	0	0.110662	-0.00414224
0.904918	1.72473e-05	6e-05	0.906	0	0	0.110273	-0.00353277
0.906998	7.25129e-06	-4e-05	0.908	0	0	0.109883	-0.00292358
0.909078	-2.73471e-06	-0.00014	0.91	0	0	0.109492	-0.00231467
0.911218	1.12653e-05	-1.32815e-18	0.912	0	0	0.1088	-0.00316909
0.913358	2.52849e-05	0.00014	0.914	0	0	0.108107	-0.00402394
0.915438	2.52849e-05	0.00014	0.916	0	0	0.107712	-0.00402592
0.917478	3.73161e-05	0.00026	0.918	0	0	0.107517	-0.00475996
0.919518	4.93617e-05	0.00038	0.92	0	0	0.107322	-0.00549546
0.921558	6.14217e-05	0.0005	0.922	0	0	0.107126	-0.00623241
0.923598	7.34961e-05	0.00062	0.924	0	0	0.10693	-0.00697081
0.925658	8.15521e-05	0.0007	0.926	0	0	0.106634	-0.00746524
0.927738	9.36505e-05	0.00082	0.928	0	0	0.106236	-0.00820422
0.929818	0.000105763	0.00094	0.93	0	0	0.105838	-0.00894418
0.931898	0.00011789	0.00106	0.932	0	0	0.105439	-0.00968511
0.933978	0.000130032	0.00118	0.934	0	0	0.105039	-0.010427
0.936058	0.000142188	0.0013	0.936	0	0	0.104638	-0.0111699
0.938098	0.000144214	0.00132	0.938	0	0	0.104437	-0.0113039
0.940138	0.000146241	0.00134	0.94	0	0	0.104236	-0.011438
0.942178	0.000148268	0.00136	0.942	0	0	0.104034	-0.0115723
0.943978	0.000132076	0.0012	0.944	0	0	0.105035	-0.0106215
0.945778	0.00011591	0.00104	0.946	0	0	0.106037	-0.00966711
0.947578	9.97693e-05	0.00088	0.948	0	0	0.107041	-0.00870922
0.949438	9.97693e-05	0.00088	0.95	0	0	0.107747	-0.00872541
0.951298	0.000101787	0.0009	0.952	0	0	0.108454	-0.0088644
0.953318	0.000148413	0.00136	0.954	0	0	0.10836	-0.0117081
0.955338	0.00019525	0.00182	0.956	0	0	0.108266	-0.0145663
0.957438	0.000215654	0.00202	0.958	0	0	0.107772	-0.0158146
0.959498	0.000223822	0.0021	0.96	0	0	0.107477	-0.0163254
0.961558	0.000231996	0.00218	0.962	0	0	0.107181	-0.0168369
0.963698	0.000217711	0.00204	0.964	0	0	0.106484	-0.0159801
0.965798	0.00019531	0.00182	0.966	0	0	0.105987	-0.0146363
0.967898	0.000172958	0.0016	0.968	0	0	0.105488	-0.0132948
0.969998	0.000154703	0.00142	0.97	0	0	0.104988	-0.0122005
0.972098	0.00013648	0.00124	0.972	0	0	0.104488	-0.0111078
0.974198	0.000118289	0.00106	0.974	0	0	0.103986	-0.0100167
0.976198	6.80088e-05	0.00056	0.976	0	0	0.103984	-0.00698956
0.978058	5.79628e-05	0.00046	0.978	0	0	0.104684	-0.00639229
0.979918	4.79268e-05	0.00036	0.98	0	0	0.105385	-0.00579312
0.981778	3.5898e-05	0.00024	0.982	0	0	0.106087	-0.0050705
0.983638	2.1884e-05	0.0001	0.984	0	0	0.106791	-0.00422417
0.985558	2.58896e-05	0.00014	0.986	0	0	0.107195	-0.00447032
0.987478	2.98968e-05	0.00018	0.988	0	0	0.1076	-0.00471728
0.989438	2.38896e-05	0.00012	0.99	0	0	0.107806	-0.00435499
0.991438	2.99004e-05	0.00018	0.992	0	0	0.107811	-0.00472322
0.993438	3.59148e-05	0.00024	0.994	0	0	0.107817	-0.00509223
0.995478	3.39104e-05	0.00022	0.996	0	0	0.107622	-0.00497341
0.997578	5.19824e-05	0.0004	0.998	0	0	0.107126	-0.00607394
0.999678	7.00868e-05	0.00058	1	0	0	0.106629	-0.00717612
1.00178	8.82236e-05	0.00076	1.002	0	0	0.106132	-0.00827993
1.00386	9.83096e-05	0.00086	1.004	0	0	0.105733	-0.00889676
1.00594	0.000108406	0.00096	1.006	0	0	0.105333	-0.0095143
1.008	0.000114467	0.00102	1.008	0	0	0.105033	-0.00988895
1.01008	0.000116488	0.00104	1.01	0	0	0.104633	-0.0100185
1.01216	0.000118509	0.00106	1.012	0	0	0.104231	-0.0101481
1.01426	0.0001266	0.00114	1.014	0	0	0.103728	-0.0106429
1.0163	0.000150931	0.00138	1.016	0	0	0.103525	-0.0121207
1.01834	0.00017532	0.00162	1.018	0	0	0.103321	-0.0136029
1.0202	0.000148966	0.00136	1.02	0	0	0.10402	-0.0120409
1.022	0.000140864	0.00128	1.022	0	0	0.10502	-0.0115795
1.02378	0.000126704	0.00114	1.024	0	0	0.106122	-0.0107497
1.02556	0.000112564	0.001	1.026	0	0	0.107227	-0.00991645
1.02734	9.8444e-05	0.00086	1.028	0	0	0.108334	-0.00907968
1.0292	9.64272e-05	0.00084	1.03	0	0	0.109042	-0.00897276
1.03106	9.44108e-05	0.00082	1.032	0	0	0.109751	-0.00886539
1.03292	9.23948e-05	0.0008	1.034	0	0	0.110462	-0.00875756
1.03498	8.63504e-05	0.00074	1.036	0	0	0.110172	-0.00839556
1.03704	8.03096e-05	0.00068	1.038	0	0	0.109882	-0.00803347
1.0391	7.42724e-05	0.00062	1.04	0	0	0.109591	-0.0076713
1.04122	7.42724e-05	0.00062	1.042	0	0	0.108999	-0.00767506
1.04334	7.42724e-05	0.00062	1.044	0	0	0.108405	-0.00767881
1.04544	6.82388e-05	0.00056	1.046	0	0	0.107911	-0.00731614
1.04748	8.03204e-05	0.00068	1.048	0	0	0.107716	-0.00805642
1.04952	9.24164e-05	0.0008	1.05	0	0	0.107521	-0.00879816
1.05156	0.000102506	0.0009	1.052	0	0	0.107325	-0.00941867
1.0536	0.000112606	0.001	1.054	0	0	0.107129	-0.0100403
1.05564	0.00011867	0.00106	1.056	0	0	0.106933	-0.0104175
1.05772	0.000130812	0.00118	1.058	0	0	0.106535	-0.0111613
1.0598	0.000142968	0.0013	1.06	0	0	0.106137	-0.0119061
1.06188	0.000128805	0.00116	1.062	0	0	0.105739	-0.0110576
1.06396	0.000114662	0.00102	1.064	0	0	0.105339	-0.0102099
1.06604	0.000100539	0.00088	1.066	0	0	0.104939	-0.00936275
1.06814	7.8394e-05	0.00066	1.068	0	0	0.104438	-0.00802916
1.07024	5.62972e-05	0.00044	1.07	0	0	0.103936	-0.00669797
1.07234	3.42488e-05	0.00022	1.072	0	0	0.103432	-0.00536921
1.0742	2.22368e-05	0.0001	1.074	0	0	0.10413	-0.00464742
1.07606	1.02392e-05	-2e-05	1.076	0	0	0.10483	-0.00392346
1.07788	-1.5688e-05	-0.00028	1.078	0	0	0.105731	-0.00235045
1.0797	-4.15476e-05	-0.00054	1.08	0	0	0.106634	-0.000773541
1.08146	-5.14836e-05	-0.00064	1.082	0	0	0.10784	-0.000157244
1.08326	-4.9496e-05	-0.00062	1.084	0	0	0.108847	-0.000266996
1.08506	-4.7508e-05	-0.0006	1.086	0	0	0.109857	-0.000377358
1.08696	-7.13064e-05	-0.00084	1.088	0	0	0.110367	0.00108764
1.08898	-5.93928e-05	-0.00072	1.09	0	0	0.110277	0.000364808
1.091	-4.74648e-05	-0.0006	1.092	0	0	0.110187	-0.000359718
1.09312	-6.33432e-05	-0.00076	1.094	0	0	0.109596	0.000612343
1.09524	-7.9196e-05	-0.00092	1.096	0	0	0.109004	0.00158281
1.09736	-9.50232e-05	-0.00108	1.098	0	0	0.10841	0.00255166
1.09948	-0.000106879	-0.0012	1.1	0	0	0.107815	0.00327811
1.1016	-0.000118721	-0.00132	1.102	0	0	0.107219	0.00400357
1.10372	-0.000130548	-0.00144	1.104	0	0	0.106622	0.00472805
1.10586	-0.000138426	-0.00152	1.106	0	0	0.105924	0.00521049
1.10798	-0.000138426	-0.00152	1.108	0	0	0.105324	0.00521522
1.1101	-0.000138426	-0.00152	1.11	0	0	0.104723	0.00521993
1.11218	-0.00015023	-0.00164	1.112	0	0	0.104321	0.00594419
1.11414	-0.000134466	-0.00148	1.114	0	0	0.10452	0.0050055
1.11604	-0.000134466	-0.00148	1.116	0	0	0.105019	0.00502634
1.11794	-0.000134466	-0.00148	1.118	0	0	0.10552	0.0050472
1.1198	-0.00012263	-0.00136	1.12	0	0	0.106222	0.00435054
1.12166	-0.000110778	-0.00124	1.122	0	0	0.106925	0.00365032
1.12352	-9.89128e-05	-0.00112	1.124	0	0	0.10763	0.00294651
1.12548	-0.000110764	-0.00124	1.126	0	0	0.107836	0.00368185
1.12752	-0.000100878	-0.00114	1.128	0	0	0.10764	0.00308758
1.12956	-9.0982e-05	-0.00104	1.13	0	0	0.107445	0.0024922
1.1316	-8.1076e-05	-0.00094	1.132	0	0	0.107249	0.00189572
1.1337	-0.000100848	-0.00114	1.134	0	0	0.106752	0.00310324
1.1358	-0.00012058	-0.00134	1.136	0	0	0.106254	0.00430873
1.13796	-0.000124525	-0.00138	1.138	0	0	0.105454	0.00454989
1.14014	-0.000136345	-0.0015	1.14	0	0	0.104553	0.00526755
1.14232	-0.00014815	-0.00162	1.142	0	0	0.10365	0.00598347
1.1445	-0.000163865	-0.00178	1.144	0	0	0.102745	0.00693535
1.1465	-0.00013431	-0.00148	1.146	0	0	0.10274	0.00516267
1.1485	-0.000104664	-0.00118	1.148	0	0	0.102735	0.00338256
1.15036	-0.000114536	-0.00128	1.15	0	0	0.103431	0.00399926
1.15214	-0.000100695	-0.00114	1.152	0	0	0.10453	0.00318503
1.15386	-0.000100695	-0.00114	1.154	0	0	0.105931	0.00321108
1.15558	-0.000100695	-0.00114	1.156	0	0	0.107336	0.00323716
1.1573	-0.000100695	-0.00114	1.158	0	0	0.108743	0.00326327
1.15916	-0.000112544	-0.00126	1.16	0	0	0.109451	0.00400638
1.16102	-0.000124378	-0.00138	1.162	0	0	0.110161	0.00475167
1.16288	-0.000136198	-0.0015	1.164	0	0	0.110872	0.00549916
1.16502	-0.000116458	-0.0013	1.166	0	0	0.110182	0.00429308
1.16716	-9.66783e-05	-0.0011	1.168	0	0	0.10949	0.00308578
1.1693	-7.68583e-05	-0.0009	1.17	0	0	0.108798	0.00187725
1.17138	-6.69383e-05	-0.0008	1.172	0	0	0.108404	0.001276
1.17346	-5.70084e-05	-0.0007	1.174	0	0	0.108009	0.000674031
1.1755	-5.70084e-05	-0.0007	1.176	0	0	0.107814	0.000678367
1.17756	-6.29627e-05	-0.00076	1.178	0	0	0.107519	0.00104483
1.17962	-6.89135e-05	-0.00082	1.18	0	0	0.107222	0.00141134
1.1817	-7.08967e-05	-0.00084	1.182	0	0	0.106825	0.0015357
1.18378	-7.28795e-05	-0.00086	1.184	0	0	0.106428	0.00166007
1.18584	-6.89123e-05	-0.00082	1.186	0	0	0.106129	0.00142358
1.1879	-6.49435e-05	-0.00078	1.188	0	0	0.10583	0.00118685
1.18996	-6.09731e-05	-0.00074	1.19	0	0	0.105531	0.000949883
1.19206	-4.70572e-05	-0.0006	1.192	0	0	0.10503	0.000108042
1.19416	-3.31216e-05	-0.00046	1.194	0	0	0.104529	-0.000734775
1.19626	-1.91664e-05	-0.00032	1.196	0	0	0.104026	-0.00157857
1.19826	-3.11136e-05	-0.00044	1.198	0	0	0.104023	-0.000853276
1.20026	-4.30464e-05	-0.00056	1.2	0	0	0.104021	-0.000127517
1.20226	-5.49647e-05	-0.00068	1.202	0	0	0.104018	0.000598707
1.20412	-6.88499e-05	-0.00082	1.204	0	0	0.104717	0.00145121
1.20598	-8.27155e-05	-0.00096	1.206	0	0	0.105417	0.00230609
1.20784	-9.65615e-05	-0.0011	1.208	0	0	0.106119	0.00316334
1.20966	-0.000122208	-0.00136	1.21	0	0	0.107022	0.00474608
1.21144	-0.000135998	-0.0015	1.212	0	0	0.108128	0.0056156
1.21328	-0.000132056	-0.00146	1.214	0	0	0.108935	0.00540026
1.21512	-0.000128113	-0.00142	1.216	0	0	0.109744	0.00518382
1.21706	-0.000151715	-0.00166	1.218	0	0	0.110053	0.00664759
1.21906	-0.000157611	-0.00172	1.22	0	0	0.110063	0.00702439
1.22106	-0.000163505	-0.00178	1.222	0	0	0.110072	0.0074016
1.2231	-0.000181152	-0.00196	1.224	0	0	0.109881	0.00849646
1.22518	-0.000192902	-0.00208	1.226	0	0	0.109489	0.00922698
1.22726	-0.000204638	-0.0022	1.228	0	0	0.109096	0.009957
1.22932	-0.000208549	-0.00224	1.23	0	0	0.108803	0.0102104
1.23138	-0.000212457	-0.00228	1.232	0	0	0.108509	0.010464
1.23344	-0.000216365	-0.00232	1.234	0	0	0.108215	0.0107175
1.23558	-0.000196789	-0.00212	1.236	0	0	0.107519	0.00952722
1.23776	-0.000185029	-0.002	1.238	0	0	0.106622	0.00881075
1.23994	-0.000173254	-0.00188	1.24	0	0	0.105723	0.0080945
1.24208	-0.000171291	-0.00186	1.242	0	0	0.105022	0.00797931
1.2442	-0.000163434	-0.00178	1.244	0	0	0.10442	0.00750804
1.24632	-0.00015557	-0.0017	1.246	0	0	0.103817	0.00703661
1.24838	-0.000161464	-0.00176	1.248	0	0	0.103513	0.00740442
1.25034	-0.000141776	-0.00156	1.25	0	0	0.10371	0.00623024
1.2522	-0.000153575	-0.00168	1.252	0	0	0.104408	0.0069717
1.25406	-0.000165359	-0.0018	1.254	0	0	0.105107	0.00771531
1.25582	-0.00015356	-0.00168	1.256	0	0	0.106309	0.00703481
1.25756	-0.000147657	-0.00162	1.258	0	0	0.107614	0.00671178
1.2593	-0.000141751	-0.00156	1.26	0	0	0.108921	0.00638646
1.26104	-0.000135841	-0.0015	1.262	0	0	0.11023	0.00605883
1.26312	-0.000147647	-0.00162	1.264	0	0	0.109839	0.00678982
1.2652	-0.000159438	-0.00174	1.266	0	0	0.109447	0.00752031
1.26736	-0.000153539	-0.00168	1.268	0	0	0.108654	0.0071617
1.26952	-0.000149604	-0.00164	1.27	0	0	0.107858	0.00692344
1.27168	-0.000145668	-0.0016	1.272	0	0	0.107062	0.00668532
1.27384	-0.000141731	-0.00156	1.274	0	0	0.106263	0.00644733
1.27596	-0.000127929	-0.00142	1.276	0	0	0.105664	0.00561278
1.27808	-0.000114109	-0.00128	1.278	0	0	0.105063	0.00477753
1.28016	-0.000112134	-0.00126	1.28	0	0	0.104662	0.00466393
1.2822	-0.000100271	-0.00114	1.282	0	0	0.10446	0.0039529
1.28412	-0.000120003	-0.00134	1.284	0	0	0.104858	0.00516577
1.28604	-0.000139695	-0.00154	1.286	0	0	0.105258	0.00638021
1.28796	-0.000159347	-0.00174	1.288	0	0	0.105658	0.00759623
1.28976	-0.000157381	-0.00172	1.29	0	0	0.106661	0.00750979
1.29156	-0.000155415	-0.0017	1.292	0	0	0.107665	0.00742278
1.29336	-0.000153449	-0.00168	1.294	0	0	0.108672	0.00733518
1.29542	-0.000147546	-0.00162	1.296	0	0	0.108378	0.00698483
1.29748	-0.000141639	-0.00156	1.298	0	0	0.108083	0.00663404
1.29954	-0.000135729	-0.0015	1.3	0	0	0.107787	0.00628284
1.30166	-0.000135729	-0.0015	1.302	0	0	0.107191	0.00628746
1.30378	-0.000135729	-0.0015	1.304	0	0	0.106593	0.00629207
1.3059	-0.000137699	-0.00152	1.306	0	0	0.105994	0.00641653
1.30802	-0.000137699	-0.00152	1.308	0	0	0.105394	0.00642118
1.31014	-0.000137699	-0.00152	1.31	0	0	0.104793	0.00642581
1.31222	-0.000147537	-0.00162	1.312	0	0	0.10439	0.00703074
1.3143	-0.000157365	-0.00172	1.314	0	0	0.103987	0.00763534
1.31628	-0.000139642	-0.00154	1.316	0	0	0.104085	0.00657748
1.31814	-0.000151443	-0.00166	1.318	0	0	0.104783	0.00731916
1.32	-0.000163229	-0.00178	1.32	0	0	0.105483	0.00806301
1.32174	-0.000171081	-0.00186	1.322	0	0	0.106786	0.00858129
1.32348	-0.000178925	-0.00194	1.324	0	0	0.108091	0.00910217
1.32522	-0.000186764	-0.00202	1.326	0	0	0.109399	0.00962566
1.3272	-0.000169095	-0.00184	1.328	0	0	0.109507	0.0085642
1.32918	-0.000151394	-0.00166	1.33	0	0	0.109615	0.00749896
1.33116	-0.00013366	-0.00148	1.332	0	0	0.109724	0.00642995
1.33314	-0.000115894	-0.0013	1.334	0	0	0.109833	0.00535715
1.33512	-9.80959e-05	-0.00112	1.336	0	0	0.109942	0.00428055
1.3371	-8.02651e-05	-0.00094	1.338	0	0	0.110051	0.00320017
1.3391	-5.84235e-05	-0.00072	1.34	0	0	0.11006	0.00187189
1.34122	-7.23031e-05	-0.00086	1.342	0	0	0.109468	0.00272209
1.3433	-9.6039e-05	-0.0011	1.344	0	0	0.109074	0.00417689
1.34538	-0.000119717	-0.00134	1.346	0	0	0.108681	0.00562929
1.34738	-0.000117744	-0.00132	1.348	0	0	0.108687	0.00552073
1.34934	-0.000123661	-0.00138	1.35	0	0	0.108893	0.00589702
1.3513	-0.000129575	-0.00144	1.352	0	0	0.1091	0.00627397
1.35326	-0.000137453	-0.00152	1.354	0	0	0.109308	0.00677207
1.35526	-0.000139422	-0.00154	1.356	0	0	0.109315	0.00690645
1.35726	-0.000141391	-0.00156	1.358	0	0	0.109323	0.00704101
1.35934	-0.000141391	-0.00156	1.36	0	0	0.108929	0.00704901
1.36142	-0.000141391	-0.00156	1.362	0	0	0.108535	0.007057
1.3635	-0.000141391	-0.00156	1.364	0	0	0.10814	0.00706498
1.36556	-0.000147294	-0.00162	1.366	0	0	0.107845	0.00743494
1.3676	-0.000147294	-0.00162	1.368	0	0	0.107649	0.0074465
1.36964	-0.000147294	-0.00162	1.37	0	0	0.107452	0.00745804
1.37176	-0.000127578	-0.00142	1.372	0	0	0.106855	0.00626161
1.37388	-0.000111779	-0.00126	1.374	0	0	0.106256	0.00530436
1.37596	-0.000109804	-0.00124	1.376	0	0	0.105857	0.00519037
1.37804	-0.000107829	-0.00122	1.378	0	0	0.105456	0.00507632
1.38012	-0.000107829	-0.00122	1.38	0	0	0.105055	0.00508221
1.3822	-0.000107829	-0.00122	1.382	0	0	0.104653	0.00508809
1.38428	-0.000107829	-0.00122	1.384	0	0	0.10425	0.00509396
1.38628	-8.40638e-05	-0.00098	1.386	0	0	0.104248	0.00366389
1.38816	-9.1979e-05	-0.00106	1.388	0	0	0.104846	0.00415859
1.39004	-9.98878e-05	-0.00114	1.39	0	0	0.105446	0.00465473
1.39192	-0.00010779	-0.00122	1.392	0	0	0.106046	0.00515232
1.39376	-0.000127506	-0.00142	1.394	0	0	0.106849	0.00637436
1.3956	-0.000147182	-0.00162	1.396	0	0	0.107653	0.0075996
1.39754	-0.000137334	-0.00152	1.398	0	0	0.107957	0.00701791
1.39956	-0.000145206	-0.0016	1.4	0	0	0.107862	0.00751087
1.40158	-0.000153072	-0.00168	1.402	0	0	0.107766	0.00800414
1.40366	-0.00014323	-0.00158	1.404	0	0	0.107369	0.00741233
1.40574	-0.000133378	-0.00148	1.406	0	0	0.106972	0.00681981
1.40782	-0.000123516	-0.00138	1.408	0	0	0.106574	0.0062266
1.40978	-0.0001432	-0.00158	1.41	0	0	0.106776	0.00744146
1.41174	-0.000160883	-0.00176	1.412	0	0	0.106979	0.00853747
1.41376	-0.000160883	-0.00176	1.414	0	0	0.106881	0.00855184
1.41578	-0.000160883	-0.00176	1.416	0	0	0.106783	0.00856621
1.4178	-0.000160883	-0.00176	1.418	0	0	0.106685	0.00858058
1.41982	-0.000176576	-0.00192	1.42	0	0	0.106587	0.00955169
1.42184	-0.000192243	-0.00208	1.422	0	0	0.106489	0.0105228
1.42386	-0.000207884	-0.00224	1.424	0	0	0.10639	0.0114938
1.42596	-0.000213746	-0.0023	1.426	0	0	0.10589	0.0118606
1.42806	-0.000219605	-0.00236	1.428	0	0	0.10539	0.0122272
1.43016	-0.00022546	-0.00242	1.43	0	0	0.104888	0.0125936
1.43236	-0.000180361	-0.00196	1.432	0	0	0.103885	0.00985457
1.43456	-0.000135051	-0.0015	1.434	0	0	0.10288	0.00710962
1.4365	-0.000160594	-0.00176	1.436	0	0	0.103175	0.00867548
1.4383	-0.000148791	-0.00164	1.438	0	0	0.104172	0.00799274
1.4401	-0.000136973	-0.00152	1.44	0	0	0.105171	0.00730574
1.4419	-0.000125141	-0.0014	1.442	0	0	0.106172	0.00661446
1.4437	-0.000113295	-0.00128	1.444	0	0	0.107175	0.0059189
1.44558	-0.000119214	-0.00134	1.446	0	0	0.107779	0.0062992
1.4475	-0.000113291	-0.00128	1.448	0	0	0.108184	0.00595489
1.44942	-0.000107364	-0.00122	1.45	0	0	0.10859	0.00560933
1.45152	-0.000103411	-0.00118	1.452	0	0	0.108095	0.00537275
1.45362	-9.9457e-05	-0.00114	1.454	0	0	0.107599	0.00513608
1.45572	-9.5501e-05	-0.0011	1.456	0	0	0.107102	0.00489932
1.45782	-9.15434e-05	-0.00106	1.458	0	0	0.106604	0.00466247
1.45992	-8.75842e-05	-0.00102	1.46	0	0	0.106105	0.00442554
1.46202	-8.36234e-05	-0.00098	1.462	0	0	0.105604	0.00418852
1.46412	-6.57674e-05	-0.0008	1.464	0	0	0.105103	0.0031082
1.46622	-4.7879e-05	-0.00062	1.466	0	0	0.104601	0.00202627
1.46832	-2.99582e-05	-0.00044	1.468	0	0	0.104098	0.000942726
1.47034	-3.79166e-05	-0.00052	1.47	0	0	0.103995	0.00142718
1.47224	-1.59826e-05	-0.0003	1.472	0	0	0.104492	0.000104782
1.47406	-1.59826e-05	-0.0003	1.474	0	0	0.105392	0.000109078
1.47588	-1.59826e-05	-0.0003	1.476	0	0	0.106293	0.00011338
1.47764	-4.97852e-09	-0.00014	1.478	0	0	0.107497	-0.000853883
1.47946	3.20526e-05	0.00018	1.48	0	0	0.108402	-0.00280559
1.48128	6.42126e-05	0.0005	1.482	0	0	0.109309	-0.00477143
1.48332	3.6151e-05	0.00022	1.484	0	0	0.109116	-0.00306547
1.48538	1.4151e-05	-3.25261e-19	1.486	0	0	0.108822	-0.00172683
1.48744	-7.80058e-06	-0.00022	1.488	0	0	0.108528	-0.000389713
1.48956	-1.57766e-05	-0.0003	1.49	0	0	0.107932	9.57003e-05
1.49168	-2.37462e-05	-0.00038	1.492	0	0	0.107336	0.000580633
1.4938	-3.17094e-05	-0.00046	1.494	0	0	0.106738	0.00106508
1.49602	-9.76218e-06	-0.00024	1.496	0	0	0.105638	-0.000268765
1.49818	3.23134e-05	0.00018	1.498	0	0	0.104836	-0.00281801
1.50034	7.45654e-05	0.0006	1.5	0	0	0.104032	-0.00537356
1.5023	6.65238e-05	0.00052	1.502	0	0	0.104229	-0.00489593
1.50422	7.25586e-05	0.00058	1.504	0	0	0.104627	-0.00526977
1.50614	7.8597e-05	0.00064	1.506	0	0	0.105026	-0.00564488
1.50804	7.8597e-05	0.00064	1.508	0	0	0.105525	-0.00565593
1.50986	9.67446e-05	0.00082	1.51	0	0	0.106427	-0.00677032
1.51174	0.000127081	0.00112	1.512	0	0	0.107029	-0.00862586
1.51362	0.000157507	0.00142	1.514	0	0	0.107633	-0.0104926
1.51568	0.000137263	0.00122	1.516	0	0	0.107336	-0.00927521
1.51786	0.000149423	0.00134	1.518	0	0	0.106437	-0.010015
1.52004	0.000161599	0.00146	1.52	0	0	0.105537	-0.0107545
1.52222	0.000173788	0.00158	1.522	0	0	0.104635	-0.0114937
1.52432	0.000167697	0.00152	1.524	0	0	0.104131	-0.0111355
1.52642	0.000161609	0.00146	1.526	0	0	0.103627	-0.0107774
1.52844	0.000131261	0.00116	1.528	0	0	0.103523	-0.00896106
1.53032	0.000137335	0.00122	1.53	0	0	0.10412	-0.00934785
1.5322	0.000143411	0.00128	1.532	0	0	0.104718	-0.00973616
1.53402	0.000133293	0.00118	1.534	0	0	0.105618	-0.00914949
1.5358	0.000139368	0.00124	1.536	0	0	0.10672	-0.00954418
1.53758	0.000145446	0.0013	1.538	0	0	0.107824	-0.00994101
1.53934	0.000147472	0.00132	1.54	0	0	0.109031	-0.0100946
1.54124	0.000109115	0.00094	1.542	0	0	0.109539	-0.00777808
1.54314	7.09022e-05	0.00056	1.544	0	0	0.110048	-0.00546113
1.54514	5.88494e-05	0.00044	1.546	0	0	0.110056	-0.00473235
1.54714	4.6811e-05	0.00032	1.548	0	0	0.110065	-0.00400307
1.54926	8.83378e-06	-6e-05	1.55	0	0	0.109473	-0.00168721
1.55138	-2.8999e-05	-0.00044	1.552	0	0	0.108879	0.000620718
1.5535	-6.66874e-05	-0.00082	1.554	0	0	0.108284	0.00292067
1.55566	-9.24066e-05	-0.00108	1.556	0	0	0.107487	0.0044888
1.55782	-0.000118058	-0.00134	1.558	0	0	0.106689	0.00605196
1.55998	-0.000143642	-0.0016	1.56	0	0	0.105889	0.00761012
1.56202	-0.000117991	-0.00134	1.562	0	0	0.105689	0.00606134
1.56406	-9.22714e-05	-0.00108	1.564	0	0	0.105489	0.00450765
1.56606	-7.8403e-05	-0.00094	1.566	0	0	0.105488	0.00367438
1.56806	-6.65014e-05	-0.00082	1.568	0	0	0.105488	0.00295936
1.57006	-5.45854e-05	-0.0007	1.57	0	0	0.105487	0.00224243
1.57214	-1.87078e-05	-0.00034	1.572	0	0	0.105086	6.93058e-05
1.57422	1.72994e-05	2e-05	1.574	0	0	0.104684	-0.00211101
1.57638	3.53354e-05	0.0002	1.576	0	0	0.10388	-0.00320317
1.57846	3.53354e-05	0.0002	1.578	0	0	0.103475	-0.00320589
1.58054	3.53354e-05	0.0002	1.58	0	0	0.10307	-0.00320862
1.58236	5.34038e-05	0.00038	1.582	0	0	0.103966	-0.00430631
1.58418	7.15046e-05	0.00056	1.584	0	0	0.104864	-0.00541067
1.586	8.96378e-05	0.00074	1.586	0	0	0.105764	-0.00652171
1.58776	8.76234e-05	0.00072	1.588	0	0	0.106967	-0.00641725
1.58952	8.56094e-05	0.0007	1.59	0	0	0.108172	-0.00631216
1.59128	8.35958e-05	0.00068	1.592	0	0	0.109379	-0.00620641
1.59324	6.75126e-05	0.00052	1.594	0	0	0.109587	-0.00523508
1.5952	5.1455e-05	0.00036	1.596	0	0	0.109795	-0.00426275
1.59716	3.5423e-05	0.0002	1.598	0	0	0.110003	-0.00328944
1.59922	4.34454e-05	0.00028	1.6	0	0	0.109711	-0.00378209
1.60132	3.74322e-05	0.00022	1.602	0	0	0.109218	-0.00341826
1.60348	4.3449e-05	0.00028	1.604	0	0	0.108423	-0.00378675
1.60564	4.94694e-05	0.00034	1.606	0	0	0.107627	-0.00415506
1.60776	6.35366e-05	0.00048	1.608	0	0	0.107029	-0.00501259
1.60984	6.55466e-05	0.0005	1.61	0	0	0.106631	-0.00513905
1.61192	6.7557e-05	0.00052	1.612	0	0	0.106231	-0.00526558
1.61396	7.96338e-05	0.00064	1.614	0	0	0.106032	-0.00600358
1.61602	9.57618e-05	0.0008	1.616	0	0	0.105731	-0.00698681
1.61808	0.000111915	0.00096	1.618	0	0	0.105431	-0.00797196
1.6201	0.000117977	0.00102	1.62	0	0	0.10533	-0.00834905
1.62212	0.000124041	0.00108	1.622	0	0	0.105228	-0.0087268
1.62414	0.00013011	0.00114	1.624	0	0	0.105127	-0.00910521
1.62614	0.00013011	0.00114	1.626	0	0	0.105126	-0.00911821
1.62824	9.98578e-05	0.00084	1.628	0	0	0.104623	-0.007296
1.63034	6.96958e-05	0.00054	1.63	0	0	0.10412	-0.00547828
1.6324	2.3659e-05	8e-05	1.632	0	0	0.103817	-0.00269961
1.63432	1.76578e-05	2e-05	1.634	0	0	0.104213	-0.0023391
1.63624	1.16602e-05	-4e-05	1.636	0	0	0.104611	-0.0019777
1.6381	-8.29181e-06	-0.00024	1.638	0	0	0.10531	-0.00076837
1.6399	-1.02866e-05	-0.00026	1.64	0	0	0.106311	-0.000643937
1.64172	-8.29141e-06	-0.00024	1.642	0	0	0.107214	-0.000761963
1.64354	-6.29581e-06	-0.00022	1.644	0	0	0.108119	-0.000880566
1.64542	-2.2235e-05	-0.00038	1.646	0	0	0.108724	9.39092e-05
1.64748	1.17514e-05	-4e-05	1.648	0	0	0.10843	-0.00197637
1.64954	4.58534e-05	0.0003	1.65	0	0	0.108134	-0.00405383
1.6516	8.0071e-05	0.00064	1.652	0	0	0.107838	-0.00613848
1.65376	6.19882e-05	0.00046	1.654	0	0	0.107041	-0.00504276
1.65592	4.39378e-05	0.00028	1.656	0	0	0.106242	-0.00394972
1.65812	3.79246e-05	0.00022	1.658	0	0	0.10524	-0.0035869
1.6603	3.79246e-05	0.00022	1.66	0	0	0.104337	-0.00358871
1.66248	3.79246e-05	0.00022	1.662	0	0	0.103433	-0.00359051
1.66454	7.94859e-06	-8e-05	1.664	0	0	0.103127	-0.00178245
1.66642	2.99794e-05	0.00014	1.666	0	0	0.103723	-0.00311471
1.6683	5.20586e-05	0.00036	1.668	0	0	0.10432	-0.00445421
1.6701	5.20586e-05	0.00036	1.67	0	0	0.105319	-0.00446301
1.6719	5.20586e-05	0.00036	1.672	0	0	0.10632	-0.00447182
1.6737	5.20586e-05	0.00036	1.674	0	0	0.107323	-0.00448064
1.67556	7.21706e-05	0.00056	1.676	0	0	0.108028	-0.00571205
1.67742	9.23226e-05	0.00076	1.678	0	0	0.108733	-0.0069503
1.67948	0.00010847	0.00092	1.68	0	0	0.108438	-0.00793977
1.68154	0.000124643	0.00108	1.682	0	0	0.108143	-0.00893118
1.6836	0.000140841	0.00124	1.684	0	0	0.107847	-0.00992455
1.68564	0.000153004	0.00136	1.686	0	0	0.10765	-0.0106748
1.68768	0.000165182	0.00148	1.688	0	0	0.107453	-0.0114264
1.68972	0.000177374	0.0016	1.69	0	0	0.107256	-0.0121795
1.69184	0.000153047	0.00136	1.692	0	0	0.106658	-0.010713
1.69396	0.000128779	0.00112	1.694	0	0	0.106059	-0.00924972
1.69606	9.65226e-05	0.0008	1.696	0	0	0.105558	-0.00730318
1.69816	6.23662e-05	0.00046	1.698	0	0	0.105057	-0.00524039
1.70026	2.83254e-05	0.00012	1.7	0	0	0.104555	-0.00318339
1.70236	-5.59984e-06	-0.00022	1.702	0	0	0.104051	-0.00113219
1.70446	-3.94094e-05	-0.00056	1.704	0	0	0.103547	0.000913182
1.70636	-1.54862e-05	-0.00032	1.706	0	0	0.104043	-0.000528353
1.70818	-1.34922e-05	-0.0003	1.708	0	0	0.104941	-0.000644818
1.71	-1.14978e-05	-0.00028	1.71	0	0	0.105841	-0.000761856
1.7118	-7.50743e-06	-0.00024	1.712	0	0	0.106843	-0.00100056
1.71362	4.79765e-07	-0.00016	1.714	0	0	0.107747	-0.00148399
1.71544	8.47336e-06	-8e-05	1.716	0	0	0.108653	-0.00196999
1.7175	4.86165e-07	-0.00016	1.718	0	0	0.108358	-0.00148423
1.71956	-7.49463e-06	-0.00024	1.72	0	0	0.108062	-0.000998466
1.72162	-1.5469e-05	-0.00032	1.722	0	0	0.107766	-0.000512697
1.72374	-3.49303e-06	-0.0002	1.724	0	0	0.107169	-0.00124166
1.7259	5.00565e-07	-0.00016	1.726	0	0	0.10637	-0.00148554
1.72806	4.49577e-06	-0.00012	1.728	0	0	0.105569	-0.00172926
1.73018	5.02165e-07	-0.00016	1.73	0	0	0.104967	-0.00148836
1.7323	5.02165e-07	-0.00016	1.732	0	0	0.104364	-0.00148938
1.73434	-2.14142e-05	-0.00038	1.734	0	0	0.104161	-0.000162586
1.73638	-4.32822e-05	-0.0006	1.736	0	0	0.103957	0.00116307
1.73826	-2.13658e-05	-0.00038	1.738	0	0	0.104555	-0.000157045
1.74006	-1.9373e-05	-0.00036	1.74	0	0	0.105554	-0.000272061
1.74186	-1.73798e-05	-0.00034	1.742	0	0	0.106556	-0.000387689
1.7437	-2.53462e-05	-0.00042	1.744	0	0	0.107359	0.000101783
1.74558	-2.13614e-05	-0.00038	1.746	0	0	0.107963	-0.000135969
1.74746	-1.7375e-05	-0.00034	1.748	0	0	0.108568	-0.000374678
1.74954	-2.93198e-05	-0.00046	1.75	0	0	0.108173	0.000353957
1.75162	-4.12502e-05	-0.00058	1.752	0	0	0.107777	0.00108211
1.7537	-5.31662e-05	-0.0007	1.754	0	0	0.10738	0.00180978
1.75582	-5.51518e-05	-0.00072	1.756	0	0	0.106782	0.00193175
1.75794	-5.91214e-05	-0.00076	1.758	0	0	0.106182	0.0021743
1.76006	-6.30894e-05	-0.0008	1.76	0	0	0.105582	0.00241667
1.76218	-7.1019e-05	-0.00088	1.762	0	0	0.10498	0.00289942
1.7643	-7.89422e-05	-0.00096	1.764	0	0	0.104377	0.00338167
1.76642	-8.6859e-05	-0.00104	1.766	0	0	0.103773	0.00386342
1.76844	-0.00012039	-0.00138	1.768	0	0	0.103668	0.00590338
1.7702	-8.4757e-05	-0.00102	1.77	0	0	0.104866	0.00376923
1.77188	-7.2865e-05	-0.0009	1.772	0	0	0.106468	0.00307049
1.77356	-6.09586e-05	-0.00078	1.774	0	0	0.108072	0.00236602
1.77524	-4.90378e-05	-0.00066	1.776	0	0	0.10968	0.00165581
1.77708	-5.49946e-05	-0.00072	1.778	0	0	0.110489	0.00203078
1.77892	-6.09478e-05	-0.00078	1.78	0	0	0.1113	0.00240716
1.78076	-6.68974e-05	-0.00084	1.782	0	0	0.112112	0.00278493
1.78286	-9.26114e-05	-0.0011	1.784	0	0	0.111624	0.00436601
1.78496	-0.000118258	-0.00136	1.786	0	0	0.111134	0.00594372
1.78706	-0.00013991	-0.00158	1.788	0	0	0.110643	0.00727707
1.78916	-0.000161514	-0.0018	1.79	0	0	0.110152	0.00860799
1.79126	-0.00018307	-0.00202	1.792	0	0	0.109659	0.00993646
1.7934	-0.000196767	-0.00216	1.794	0	0	0.108965	0.0107796
1.79548	-0.00019481	-0.00214	1.796	0	0	0.10857	0.0106709
1.79756	-0.000192852	-0.00212	1.798	0	0	0.108174	0.0105622
1.79972	-0.000167336	-0.00186	1.8	0	0	0.107378	0.00900707
1.80182	-0.000125941	-0.00144	1.802	0	0	0.10688	0.00649174
1.80392	-8.43693e-05	-0.00102	1.804	0	0	0.106381	0.00396761
1.80592	-7.44613e-05	-0.00092	1.806	0	0	0.106382	0.00337329
1.80792	-6.45433e-05	-0.00082	1.808	0	0	0.106383	0.00277747
1.81004	-6.85089e-05	-0.00086	1.81	0	0	0.105782	0.00301999
1.81216	-7.24729e-05	-0.0009	1.812	0	0	0.105181	0.00326233
1.81428	-7.64353e-05	-0.00094	1.814	0	0	0.104578	0.0035045
1.81638	-8.03961e-05	-0.00098	1.816	0	0	0.104074	0.00374748
1.81848	-8.43553e-05	-0.00102	1.818	0	0	0.103569	0.00399035
1.82058	-8.83129e-05	-0.00106	1.82	0	0	0.103063	0.00423313
1.82232	-8.23729e-05	-0.001	1.822	0	0	0.10436	0.0038955
1.82406	-7.64293e-05	-0.00094	1.824	0	0	0.10566	0.00355556
1.82576	-8.23693e-05	-0.001	1.826	0	0	0.107162	0.00393922
1.82752	-0.000106072	-0.00124	1.828	0	0	0.108367	0.00540707
1.82928	-0.000129716	-0.00148	1.83	0	0	0.109574	0.00688023
1.8313	-8.21965e-05	-0.001	1.832	0	0	0.109481	0.00398557
1.83332	-3.44461e-05	-0.00052	1.834	0	0	0.109388	0.00107549
1.8354	-6.51333e-06	-0.00024	1.836	0	0	0.108994	-0.000627728
1.83742	5.47227e-06	-0.00012	1.838	0	0	0.1089	-0.00135846
1.83944	1.74723e-05	-2.71051e-20	1.84	0	0	0.108806	-0.00209089
1.84154	9.47867e-06	-8e-05	1.842	0	0	0.108311	-0.00160551
1.84364	3.48707e-06	-0.00014	1.844	0	0	0.107814	-0.00124199
1.84574	-2.50093e-06	-0.0002	1.846	0	0	0.107317	-0.000878642
1.84778	-4.49653e-06	-0.00022	1.848	0	0	0.107119	-0.000757384
1.84982	-6.49173e-06	-0.00024	1.85	0	0	0.106921	-0.000636026
1.85186	-8.48653e-06	-0.00026	1.852	0	0	0.106722	-0.00051457
1.85388	-1.44673e-05	-0.00032	1.854	0	0	0.106624	-0.000150366
1.85588	-1.24733e-05	-0.0003	1.856	0	0	0.106625	-0.000270139
1.85788	-1.04789e-05	-0.00028	1.858	0	0	0.106626	-0.000390133
1.85994	9.50507e-06	-8e-05	1.86	0	0	0.106327	-0.00160378
1.86206	1.15039e-05	-6e-05	1.862	0	0	0.105726	-0.00172649
1.86414	1.51987e-06	-0.00016	1.864	0	0	0.105325	-0.00112236
1.86622	-8.45413e-06	-0.00026	1.866	0	0	0.104923	-0.000518535
1.8683	-2.04085e-05	-0.00038	1.868	0	0	0.10452	0.000205602
1.87038	-3.43357e-05	-0.00052	1.87	0	0	0.104116	0.00104962
1.87246	-4.82433e-05	-0.00066	1.872	0	0	0.103711	0.00189292
1.87434	-1.03497e-05	-0.00028	1.874	0	0	0.104308	-0.000393158
1.8761	-8.35492e-06	-0.00026	1.876	0	0	0.105507	-0.000509806
1.87786	-6.35972e-06	-0.00024	1.878	0	0	0.106708	-0.000627148
1.87962	-4.36412e-06	-0.00022	1.88	0	0	0.107912	-0.000745185
1.88144	1.56319e-05	-2e-05	1.882	0	0	0.108818	-0.00196219
1.88326	3.56679e-05	0.00018	1.884	0	0	0.109725	-0.00318683
1.88514	6.98447e-05	0.00052	1.886	0	0	0.110334	-0.00527888
1.88716	6.58255e-05	0.00048	1.888	0	0	0.110242	-0.00503993
1.88918	6.18079e-05	0.00044	1.89	0	0	0.11015	-0.00480073
1.89126	7.38751e-05	0.00056	1.892	0	0	0.109758	-0.00554146
1.89338	7.38751e-05	0.00056	1.894	0	0	0.109164	-0.00554552
1.8955	7.38751e-05	0.00056	1.896	0	0	0.108569	-0.00554958
1.8976	6.98543e-05	0.00052	1.898	0	0	0.108073	-0.00530952
1.8997	6.58351e-05	0.00048	1.9	0	0	0.107576	-0.00506953
1.9018	6.18175e-05	0.00044	1.902	0	0	0.107078	-0.00482961
1.90394	6.98591e-05	0.00052	1.904	0	0	0.106379	-0.0053207
1.90608	7.79071e-05	0.0006	1.906	0	0	0.105678	-0.00581179
1.90814	8.59615e-05	0.00068	1.908	0	0	0.105377	-0.0063056
1.9102	9.40223e-05	0.00076	1.91	0	0	0.105075	-0.00680005
1.91226	0.000102089	0.00084	1.912	0	0	0.104772	-0.00729513
1.91426	0.000108143	0.0009	1.914	0	0	0.104769	-0.00767149
1.91626	0.000114201	0.00096	1.916	0	0	0.104767	-0.00804862
1.91826	0.000120262	0.00102	1.918	0	0	0.104764	-0.00842654
1.9201	0.000126327	0.00108	1.92	0	0	0.105563	-0.0088139
1.92194	0.000132395	0.00114	1.922	0	0	0.106364	-0.00920303
1.92384	0.000156727	0.00138	1.924	0	0	0.106865	-0.0106975
1.9258	0.000168907	0.0015	1.926	0	0	0.107067	-0.0114546
1.92776	0.000181101	0.00162	1.928	0	0	0.107269	-0.0122142
1.9297	0.000187202	0.00168	1.93	0	0	0.107572	-0.0126074
1.93164	0.000193306	0.00174	1.932	0	0	0.107876	-0.0130018
1.93374	0.000154789	0.00136	1.934	0	0	0.107379	-0.0106747
1.9359	0.000132539	0.00114	1.936	0	0	0.10658	-0.00933011
1.93806	0.000110336	0.00092	1.938	0	0	0.10578	-0.00798919
1.94016	9.2203e-05	0.00074	1.94	0	0	0.105278	-0.00689763
1.94226	7.41022e-05	0.00056	1.942	0	0	0.104776	-0.00580769
1.94436	5.60338e-05	0.00038	1.944	0	0	0.104272	-0.00471936
1.94638	6.40706e-05	0.00046	1.946	0	0	0.104169	-0.00521055
1.9484	7.21138e-05	0.00054	1.948	0	0	0.104065	-0.00570269
1.95042	8.01634e-05	0.00062	1.95	0	0	0.10396	-0.00619579
1.95218	8.01634e-05	0.00062	1.952	0	0	0.105159	-0.00621124
1.95394	8.01634e-05	0.00062	1.954	0	0	0.106359	-0.0062267
1.9557	8.01634e-05	0.00062	1.956	0	0	0.107562	-0.00624217
1.95748	8.62042e-05	0.00068	1.958	0	0	0.108667	-0.00662489
1.95934	7.4137e-05	0.00056	1.96	0	0	0.109374	-0.0059025
1.9613	9.4289e-05	0.00076	1.962	0	0	0.109581	-0.00713985
1.96326	0.000114481	0.00096	1.964	0	0	0.109788	-0.00838205
1.96536	0.000100366	0.00082	1.966	0	0	0.109295	-0.00752859
1.9675	0.000100366	0.00082	1.968	0	0	0.1086	-0.00753293
1.96964	0.000100366	0.00082	1.97	0	0	0.107904	-0.00753726
1.97178	0.000100366	0.00082	1.972	0	0	0.107206	-0.00754157
1.97388	9.02942e-05	0.00072	1.974	0	0	0.106707	-0.00693621
1.97598	8.02322e-05	0.00062	1.976	0	0	0.106207	-0.00633132
1.9781	8.02322e-05	0.00062	1.978	0	0	0.105606	-0.00633562
1.98022	8.02322e-05	0.00062	1.98	0	0	0.105004	-0.00633991
1.98234	8.02322e-05	0.00062	1.982	0	0	0.104401	-0.00634419
1.98446	8.02322e-05	0.00062	1.984	0	0	0.103796	-0.00634847
1.98652	0.000100396	0.00082	1.986	0	0	0.103491	-0.0075718
1.98858	0.0001206	0.00102	1.988	0	0	0.103185	-0.00879792
1.99048	9.84242e-05	0.0008	1.99	0	0	0.103681	-0.00747592
1.9923	0.000100441	0.00082	1.992	0	0	0.104578	-0.00761487
1.99412	0.000102457	0.00084	1.994	0	0	0.105476	-0.00775443
1.9959	9.43966e-05	0.00076	1.996	0	0	0.106578	-0.00728481
1.9977	7.83006e-05	0.0006	1.998	0	0	0.107581	-0.00632334
1.99952	6.42362e-05	0.00046	2	0	0	0.108486	-0.00548009
2.00134	5.01914e-05	0.00032	2.002	0	0	0.109392	-0.00463389
2.00316	3.61662e-05	0.00018	2.004	0	0	0.110301	-0.00378473
2.00516	3.81702e-05	0.0002	2.006	0	0	0.110309	-0.00391083
2.00716	4.01746e-05	0.00022	2.008	0	0	0.110318	-0.00403714
2.00916	4.21794e-05	0.00024	2.01	0	0	0.110326	-0.00416369
2.01122	4.81974e-05	0.0003	2.012	0	0	0.110034	-0.00453472
2.01328	5.4219e-05	0.00036	2.014	0	0	0.109741	-0.00490619
2.01534	6.02442e-05	0.00042	2.016	0	0	0.109448	-0.00527809
2.01738	6.02442e-05	0.00042	2.018	0	0	0.109254	-0.0052833
2.01942	6.02442e-05	0.00042	2.02	0	0	0.10906	-0.00528851
2.02152	7.83522e-05	0.0006	2.022	0	0	0.108564	-0.00639508
2.02366	8.64066e-05	0.00068	2.024	0	0	0.107868	-0.00688856
2.0258	9.44674e-05	0.00076	2.026	0	0	0.10717	-0.00738203
2.0279	9.04386e-05	0.00072	2.028	0	0	0.106671	-0.00714318
2.03	8.64114e-05	0.00068	2.03	0	0	0.106171	-0.00690439
2.03208	8.84254e-05	0.0007	2.032	0	0	0.10577	-0.00703236
2.03416	9.04398e-05	0.00072	2.034	0	0	0.105369	-0.00716039
2.03624	9.24546e-05	0.00074	2.036	0	0	0.104966	-0.00728847
2.0383	0.00010052	0.00082	2.038	0	0	0.104663	-0.00778329
2.04036	0.000108592	0.0009	2.04	0	0	0.10436	-0.00827875
2.04242	0.000116671	0.00098	2.042	0	0	0.104055	-0.00877484
2.04422	0.000114651	0.00096	2.044	0	0	0.105053	-0.00867411
2.04602	0.000112633	0.00094	2.046	0	0	0.106053	-0.00857282
2.04782	0.000110614	0.00092	2.048	0	0	0.107055	-0.00847097
2.04974	0.000130838	0.00112	2.05	0	0	0.107457	-0.00971388
2.05166	0.000151102	0.00132	2.052	0	0	0.107861	-0.0109624
2.05362	0.000183627	0.00164	2.054	0	0	0.108064	-0.0129555
2.0557	0.000183627	0.00164	2.056	0	0	0.107667	-0.0129674
2.05778	0.000183627	0.00164	2.058	0	0	0.107269	-0.0129792
2.05986	0.000181595	0.00162	2.06	0	0	0.106871	-0.0128678
2.06194	0.000179563	0.0016	2.062	0	0	0.106471	-0.0127564
2.06406	0.000163332	0.00144	2.064	0	0	0.105871	-0.0117822
2.06616	0.000137025	0.00118	2.066	0	0	0.10537	-0.0101994
2.06826	0.000110786	0.00092	2.068	0	0	0.104868	-0.00861996
2.07034	8.6623e-05	0.00068	2.07	0	0	0.104464	-0.00716604
2.0724	5.6509e-05	0.00038	2.072	0	0	0.104161	-0.00535144
2.07446	2.6485e-05	8e-05	2.074	0	0	0.103856	-0.00354016
2.0764	-3.71566e-05	-0.00056	2.076	0	0	0.104152	0.000311971
2.07834	-0.000100389	-0.0012	2.078	0	0	0.104449	0.00415374
2.08028	-0.000163211	-0.00184	2.08	0	0	0.104746	0.00798513
2.08224	-0.000221747	-0.00244	2.082	0	0	0.104943	0.0115674
2.08396	-0.000215889	-0.00238	2.084	0	0	0.106344	0.0112665
2.08568	-0.000210029	-0.00232	2.086	0	0	0.107747	0.0109632
2.08734	-0.000221736	-0.00244	2.088	0	0	0.109454	0.0117417
2.08912	-0.000266402	-0.0029	2.09	0	0	0.110562	0.0145373
2.09116	-0.000241088	-0.00264	2.092	0	0	0.110371	0.0130032
2.0932	-0.000215707	-0.00238	2.094	0	0	0.110179	0.0114642
2.09526	-0.000196143	-0.00218	2.096	0	0	0.109887	0.0102788
2.09736	-0.000164738	-0.00186	2.098	0	0	0.109393	0.00836424
2.09946	-0.000133231	-0.00154	2.1	0	0	0.108899	0.00644453
2.10158	-0.000109543	-0.0013	2.102	0	0	0.108304	0.00500198
2.10364	-0.000103618	-0.00124	2.104	0	0	0.108007	0.00464741
2.1057	-9.76884e-05	-0.00118	2.106	0	0	0.10771	0.00429241
2.10776	-9.17556e-05	-0.00112	2.108	0	0	0.107413	0.00393698
2.10986	-9.96596e-05	-0.0012	2.11	0	0	0.106914	0.0044221
2.11196	-0.000107557	-0.00128	2.112	0	0	0.106415	0.00490687
2.11406	-0.000113477	-0.00134	2.114	0	0	0.105914	0.00527134
2.11612	-0.000107554	-0.00128	2.116	0	0	0.105613	0.00491853
2.11818	-0.000101627	-0.00122	2.118	0	0	0.105311	0.00456531
2.12022	-0.000101627	-0.00122	2.12	0	0	0.105109	0.004573
2.12224	-9.3718e-05	-0.00114	2.122	0	0	0.105007	0.00410168
2.12426	-8.58028e-05	-0.00106	2.124	0	0	0.104904	0.00362941
2.12624	-8.58028e-05	-0.00106	2.126	0	0	0.105002	0.00363902
2.1282	-8.18436e-05	-0.00102	2.128	0	0	0.1052	0.00340927
2.13016	-7.78828e-05	-0.00098	2.13	0	0	0.105398	0.00317888
2.1321	-7.98628e-05	-0.001	2.132	0	0	0.105697	0.00330994
2.13404	-8.18424e-05	-0.00102	2.134	0	0	0.105997	0.0034413
2.13604	-8.18424e-05	-0.00102	2.136	0	0	0.105997	0.00344948
2.13804	-8.18424e-05	-0.00102	2.138	0	0	0.105996	0.00345766
2.14004	-8.18424e-05	-0.00102	2.14	0	0	0.105996	0.00346584
2.14206	-7.59e-05	-0.00096	2.142	0	0	0.105895	0.00311174
2.14408	-6.9954e-05	-0.0009	2.144	0	0	0.105795	0.002757
2.1461	-6.40044e-05	-0.00084	2.146	0	0	0.105694	0.00240159
2.1482	-6.00364e-05	-0.0008	2.148	0	0	0.105192	0.0021629
2.1503	-5.60668e-05	-0.00076	2.15	0	0	0.104689	0.00192413
2.1524	-5.20956e-05	-0.00072	2.152	0	0	0.104185	0.00168527
2.15444	-3.02056e-05	-0.0005	2.154	0	0	0.10398	0.000363567
2.15648	-8.26722e-06	-0.00028	2.156	0	0	0.103776	-0.000961857
2.15844	-8.26722e-06	-0.00028	2.158	0	0	0.103971	-0.000960482
2.1604	-8.26722e-06	-0.00028	2.16	0	0	0.104167	-0.000959106
2.16224	2.37456e-05	4e-05	2.162	0	0	0.104965	-0.00289578
2.16398	2.77488e-05	8e-05	2.164	0	0	0.106265	-0.00314174
2.16572	3.17536e-05	0.00012	2.166	0	0	0.107568	-0.00338922
2.1675	4.17756e-05	0.00022	2.168	0	0	0.108673	-0.0040045
2.16928	5.18076e-05	0.00032	2.17	0	0	0.10978	-0.00462349
2.17106	6.18496e-05	0.00042	2.172	0	0	0.11089	-0.00524622
2.17298	0.000110282	0.0009	2.174	0	0	0.111299	-0.00821481
2.1749	0.000158944	0.00138	2.176	0	0	0.11171	-0.0112037
2.17682	0.000207837	0.00186	2.178	0	0	0.112121	-0.014213
2.17894	0.000175344	0.00154	2.18	0	0	0.111532	-0.0122381
2.18106	0.000142953	0.00122	2.182	0	0	0.110942	-0.0102687
2.18318	0.000110666	0.0009	2.184	0	0	0.110351	-0.00830504
2.1853	7.84799e-05	0.00058	2.186	0	0	0.109758	-0.00634705
2.18736	6.04079e-05	0.0004	2.188	0	0	0.109465	-0.00525075
2.18942	4.23683e-05	0.00022	2.19	0	0	0.109171	-0.00415532
2.19148	2.43611e-05	4e-05	2.192	0	0	0.108876	-0.00306077
2.1935	1.83623e-05	-2e-05	2.194	0	0	0.108781	-0.00269736
2.19554	1.63631e-05	-4e-05	2.196	0	0	0.108586	-0.00257736
2.19758	1.43643e-05	-6e-05	2.198	0	0	0.10839	-0.00245726
2.19958	2.03643e-05	6.97955e-19	2.2	0	0	0.108394	-0.00282433
2.20168	5.24667e-05	0.00032	2.202	0	0	0.107897	-0.00477997
2.20378	8.46715e-05	0.00064	2.204	0	0	0.107399	-0.00674076
2.20584	0.00010484	0.00084	2.206	0	0	0.107101	-0.00797194
2.2079	0.000125047	0.00104	2.208	0	0	0.106802	-0.00920593
2.20996	0.000145295	0.00124	2.21	0	0	0.106502	-0.0104428
2.21202	0.000165583	0.00144	2.212	0	0	0.106202	-0.0116824
2.21412	0.000171673	0.0015	2.214	0	0	0.1057	-0.0120603
2.21622	0.000177767	0.00156	2.216	0	0	0.105198	-0.0124383
2.21824	0.000159519	0.00138	2.218	0	0	0.105096	-0.0113511
2.22028	0.000135245	0.00114	2.22	0	0	0.104893	-0.00989637
2.22232	0.000111029	0.0009	2.222	0	0	0.104691	-0.0084431
2.22438	9.08891e-05	0.0007	2.224	0	0	0.104387	-0.00723368
2.2263	0.000107027	0.00086	2.226	0	0	0.104784	-0.0082217
2.22812	9.69507e-05	0.00076	2.228	0	0	0.105683	-0.00762964
2.22994	8.68847e-05	0.00066	2.23	0	0	0.106584	-0.00703529
2.23182	6.47879e-05	0.00044	2.232	0	0	0.107185	-0.00570509
2.23384	8.28995e-05	0.00062	2.234	0	0	0.107087	-0.00681129
2.23586	0.000101043	0.0008	2.236	0	0	0.106988	-0.00792056
2.23788	0.00011922	0.00098	2.238	0	0	0.106889	-0.00903291
2.2399	0.000137429	0.00116	2.24	0	0	0.10679	-0.0101483
2.24192	0.00015567	0.00134	2.242	0	0	0.106691	-0.0112669
2.24398	0.000186162	0.00164	2.244	0	0	0.106391	-0.0131252
2.24614	0.000192264	0.0017	2.246	0	0	0.105589	-0.0134998
2.2483	0.000198369	0.00176	2.248	0	0	0.104786	-0.0138741
2.25036	0.000180085	0.00158	2.25	0	0	0.104483	-0.0127845
2.2524	0.000169937	0.00148	2.252	0	0	0.104279	-0.0121866
2.25444	0.000159799	0.00138	2.254	0	0	0.104075	-0.0115886
2.25638	0.000123432	0.00102	2.256	0	0	0.104372	-0.0094109
2.25816	0.000129497	0.00108	2.258	0	0	0.10547	-0.00980158
2.2599	0.000121417	0.001	2.26	0	0	0.106771	-0.00933835
2.26164	0.000113343	0.00092	2.262	0	0	0.108075	-0.00887258
2.26338	0.000105276	0.00084	2.264	0	0	0.109381	-0.00840426
2.26544	8.31395e-05	0.00062	2.266	0	0	0.109087	-0.00706329
2.2675	6.10515e-05	0.0004	2.268	0	0	0.108792	-0.00572383
2.26956	3.90119e-05	0.00018	2.27	0	0	0.108497	-0.00438587
2.27164	2.30087e-05	2e-05	2.272	0	0	0.1081	-0.00341434
2.27372	7.03106e-06	-0.00014	2.274	0	0	0.107703	-0.00244376
2.2758	-8.92094e-06	-0.0003	2.276	0	0	0.107305	-0.00147413
2.27788	5.05666e-06	-0.00016	2.278	0	0	0.106907	-0.00232439
2.27996	1.90539e-05	-2e-05	2.28	0	0	0.106507	-0.0031759
2.28204	3.10659e-05	0.0001	2.282	0	0	0.106107	-0.00390701
2.28412	4.10859e-05	0.0002	2.284	0	0	0.105705	-0.00451743
2.2862	5.11159e-05	0.0003	2.286	0	0	0.105303	-0.00512854
2.28828	6.31663e-05	0.00042	2.288	0	0	0.104901	-0.00586205
2.29036	7.52311e-05	0.00054	2.29	0	0	0.104497	-0.00659651
2.29246	8.32807e-05	0.00062	2.292	0	0	0.103992	-0.00708779
2.29446	6.11927e-05	0.0004	2.294	0	0	0.103988	-0.00576071
2.29646	3.91531e-05	0.00018	2.296	0	0	0.103983	-0.00443386
2.29832	5.31979e-05	0.00032	2.298	0	0	0.10468	-0.00528923
2.30014	5.92207e-05	0.00038	2.3	0	0	0.105579	-0.00566251
2.30196	6.52471e-05	0.00044	2.302	0	0	0.106479	-0.00603767
2.30376	6.32387e-05	0.00042	2.304	0	0	0.107482	-0.00592648
2.30556	6.12307e-05	0.0004	2.306	0	0	0.108486	-0.00581473
2.30736	5.92231e-05	0.00038	2.308	0	0	0.109493	-0.0057024
2.30924	7.93391e-05	0.00058	2.31	0	0	0.1101	-0.00693864
2.31126	6.32719e-05	0.00042	2.312	0	0	0.110008	-0.00596506
2.31328	4.72303e-05	0.00026	2.314	0	0	0.109915	-0.00499145
2.31536	4.92359e-05	0.00028	2.316	0	0	0.109521	-0.00511753
2.31744	5.12419e-05	0.0003	2.318	0	0	0.109127	-0.00524368
2.31954	5.92723e-05	0.00038	2.32	0	0	0.108632	-0.00573655
2.32164	6.73091e-05	0.00046	2.322	0	0	0.108135	-0.00622974
2.32374	7.33403e-05	0.00052	2.324	0	0	0.107638	-0.00660093
2.32582	7.13303e-05	0.0005	2.326	0	0	0.10724	-0.00648404
2.3279	6.93207e-05	0.00048	2.328	0	0	0.106841	-0.00636713
2.32994	7.53531e-05	0.00054	2.33	0	0	0.106641	-0.00673931
2.33202	8.74322e-05	0.00066	2.332	0	0	0.106241	-0.00747735
2.3341	9.95258e-05	0.00078	2.334	0	0	0.10584	-0.00821634
2.33618	0.000111634	0.0009	2.336	0	0	0.105438	-0.0089563
2.3382	0.000105583	0.00084	2.338	0	0	0.105336	-0.00860021
2.34022	9.95366e-05	0.00078	2.34	0	0	0.105234	-0.00824383
2.34226	9.95366e-05	0.00078	2.342	0	0	0.105032	-0.0082522
2.34438	7.94206e-05	0.00058	2.344	0	0	0.104428	-0.00704078
2.3465	5.93446e-05	0.00038	2.346	0	0	0.103823	-0.00583176
2.34852	1.13926e-05	-0.0001	2.348	0	0	0.103718	-0.00293705
2.35038	1.13926e-05	-0.0001	2.35	0	0	0.104414	-0.0029375
2.35224	1.13926e-05	-0.0001	2.352	0	0	0.105112	-0.00293794
2.35402	-6.55695e-06	-0.00028	2.354	0	0	0.106212	-0.00184752
2.3558	-2.44741e-05	-0.00046	2.356	0	0	0.107314	-0.000752962
2.3577	-1.05189e-05	-0.00032	2.358	0	0	0.107817	-0.0015983
2.3596	3.45585e-06	-0.00018	2.36	0	0	0.108321	-0.00244742
2.3615	1.74503e-05	-4e-05	2.362	0	0	0.108826	-0.00330033
2.36362	3.74822e-05	0.00016	2.364	0	0	0.10823	-0.00452238
2.36574	5.75542e-05	0.00036	2.366	0	0	0.107632	-0.00574605
2.36786	7.76662e-05	0.00056	2.368	0	0	0.107034	-0.00697132
2.36994	8.97478e-05	0.00068	2.37	0	0	0.106634	-0.0077101
2.37202	0.000101844	0.0008	2.372	0	0	0.106234	-0.00844985
2.3741	0.000113954	0.00092	2.374	0	0	0.105833	-0.00919056
2.37624	0.000115973	0.00094	2.376	0	0	0.105131	-0.00931766
2.37838	0.000117992	0.00096	2.378	0	0	0.104427	-0.00944469
2.38052	0.000120012	0.00098	2.38	0	0	0.103722	-0.00957164
2.38254	0.000152428	0.0013	2.382	0	0	0.103616	-0.0115382
2.38456	0.000184946	0.00162	2.384	0	0	0.10351	-0.0135125
2.3864	0.000164662	0.00142	2.386	0	0	0.104306	-0.012319
2.38824	0.000144418	0.00122	2.388	0	0	0.105104	-0.0111224
2.39008	0.000124214	0.00102	2.39	0	0	0.105904	-0.00992257
2.3919	0.000102038	0.0008	2.392	0	0	0.106805	-0.0085982
2.39372	7.99106e-05	0.00058	2.394	0	0	0.107708	-0.00727007
2.39578	0.000110175	0.00088	2.396	0	0	0.10741	-0.0091148
2.39784	0.000140529	0.00118	2.398	0	0	0.107111	-0.0109653
2.3999	0.000170973	0.00148	2.4	0	0	0.106812	-0.0128215
2.40198	0.000158809	0.00136	2.402	0	0	0.106412	-0.0120956
2.40406	0.000146661	0.00124	2.404	0	0	0.106012	-0.0113701
2.40614	0.000134526	0.00112	2.406	0	0	0.105611	-0.0106452
2.40826	0.000110315	0.00088	2.408	0	0	0.105008	-0.00918686
2.41038	8.61614e-05	0.00064	2.41	0	0	0.104405	-0.00773191
2.4125	6.20654e-05	0.0004	2.412	0	0	0.1038	-0.00628033
2.41464	4.20254e-05	0.0002	2.414	0	0	0.103094	-0.00507352
2.41666	5.8083e-05	0.00036	2.416	0	0	0.102987	-0.00604677
2.41854	3.8051e-05	0.00016	2.418	0	0	0.103582	-0.00484396
2.42042	1.8059e-05	-4e-05	2.42	0	0	0.104178	-0.00363876
2.42216	3.60842e-05	0.00014	2.422	0	0	0.105476	-0.00473297
2.42386	4.20962e-05	0.0002	2.424	0	0	0.106978	-0.00510406
2.42556	4.81118e-05	0.00026	2.426	0	0	0.108482	-0.00547775
2.42738	2.21118e-05	-5.42101e-20	2.428	0	0	0.109388	-0.00389791
2.42926	1.41182e-05	-8e-05	2.43	0	0	0.109996	-0.00341165
2.43114	6.131e-06	-0.00016	2.432	0	0	0.110605	-0.00292393
2.43322	-2.17458e-05	-0.00044	2.434	0	0	0.110213	-0.00121995
2.4353	-4.95442e-05	-0.00072	2.436	0	0	0.10982	0.000480695
2.43738	-7.72642e-05	-0.001	2.438	0	0	0.109426	0.00217798
2.4395	-9.30786e-05	-0.00116	2.44	0	0	0.108831	0.00314619
2.4416	-0.000102953	-0.00126	2.442	0	0	0.108335	0.00375276
2.4437	-0.000112817	-0.00136	2.444	0	0	0.107838	0.00435882
2.44582	-0.000120701	-0.00144	2.446	0	0	0.10724	0.00484279
2.44792	-0.000124642	-0.00148	2.448	0	0	0.10674	0.0050878
2.45002	-0.000128581	-0.00152	2.45	0	0	0.10624	0.00533271
2.45214	-0.000124641	-0.00148	2.452	0	0	0.105639	0.00509674
2.45422	-0.000104897	-0.00128	2.454	0	0	0.105237	0.0039036
2.45626	-9.30358e-05	-0.00116	2.456	0	0	0.105034	0.00319123
2.4583	-8.11606e-05	-0.00104	2.458	0	0	0.104831	0.00247744
2.46036	-7.32374e-05	-0.00096	2.46	0	0	0.104528	0.00200182
2.46236	-7.91762e-05	-0.00102	2.462	0	0	0.104524	0.00236936
2.46436	-8.51114e-05	-0.00108	2.464	0	0	0.104521	0.00273731
2.46636	-9.1043e-05	-0.00114	2.466	0	0	0.104517	0.00310566
2.46814	-8.7087e-05	-0.0011	2.468	0	0	0.105616	0.00288685
2.46992	-8.31294e-05	-0.00106	2.47	0	0	0.106717	0.00266671
2.47178	-5.73374e-05	-0.0008	2.472	0	0	0.107419	0.00111099
2.47374	-6.13038e-05	-0.00084	2.474	0	0	0.107622	0.00136011
2.4757	-6.52686e-05	-0.00088	2.476	0	0	0.107825	0.00160972
2.4777	-5.93178e-05	-0.00082	2.478	0	0	0.107828	0.00125344
2.47974	-6.1301e-05	-0.00084	2.48	0	0	0.10763	0.00137864
2.48178	-6.32838e-05	-0.00086	2.482	0	0	0.107433	0.00150393
2.4839	-3.94326e-05	-0.00062	2.484	0	0	0.106834	5.37615e-05
2.486	-7.52858e-06	-0.0003	2.486	0	0	0.106334	-0.00188405
2.48804	1.04498e-05	-0.00012	2.488	0	0	0.106133	-0.00297566
2.49008	2.84606e-05	6e-05	2.49	0	0	0.105933	-0.00406997
2.49212	4.65038e-05	0.00024	2.492	0	0	0.105731	-0.00516697
2.49418	6.45794e-05	0.00042	2.494	0	0	0.105429	-0.00626626
2.49624	8.26874e-05	0.0006	2.496	0	0	0.105127	-0.00736789
2.4983	0.000100828	0.00078	2.498	0	0	0.104824	-0.00847185
2.50032	8.87486e-05	0.00066	2.5	0	0	0.104721	-0.0077503
2.50234	7.66838e-05	0.00054	2.502	0	0	0.104618	-0.0070285
2.50436	6.46334e-05	0.00042	2.504	0	0	0.104514	-0.00630647
2.50612	7.66982e-05	0.00054	2.506	0	0	0.105713	-0.00704927
2.50788	8.87774e-05	0.00066	2.508	0	0	0.106914	-0.00779689
2.50964	9.88534e-05	0.00076	2.51	0	0	0.108118	-0.00842664
2.5115	7.87414e-05	0.00056	2.512	0	0	0.108823	-0.00721663
2.51336	5.86694e-05	0.00036	2.514	0	0	0.109529	-0.00600379
2.51536	7.27394e-05	0.0005	2.516	0	0	0.109536	-0.00686794
2.51736	8.6829e-05	0.00064	2.518	0	0	0.109542	-0.00773449
2.51938	9.2871e-05	0.0007	2.52	0	0	0.109448	-0.00811095
2.5214	9.89166e-05	0.00076	2.522	0	0	0.109354	-0.00848807
2.52342	0.000104966	0.00082	2.524	0	0	0.10926	-0.00886587
2.52558	0.0001191	0.00096	2.526	0	0	0.108464	-0.00972983
2.52774	0.000133254	0.0011	2.528	0	0	0.107667	-0.0105939
2.5299	0.000147428	0.00124	2.53	0	0	0.106867	-0.0114582
2.53198	0.00012722	0.00104	2.532	0	0	0.106468	-0.0102426
2.53406	0.000107052	0.00084	2.534	0	0	0.106068	-0.00902861
2.53614	8.69238e-05	0.00064	2.536	0	0	0.105666	-0.0078162
2.53824	8.0889e-05	0.00058	2.538	0	0	0.105164	-0.00745624
2.54034	7.48578e-05	0.00052	2.54	0	0	0.104661	-0.00709645
2.54242	6.48158e-05	0.00042	2.542	0	0	0.104257	-0.00649447
2.5445	5.47838e-05	0.00032	2.544	0	0	0.103852	-0.0058928
2.54644	8.09346e-05	0.00058	2.546	0	0	0.104147	-0.00748016
2.54824	6.88794e-05	0.00046	2.548	0	0	0.105145	-0.0067639
2.55004	5.68386e-05	0.00034	2.55	0	0	0.106145	-0.00604477
2.55182	5.08218e-05	0.00028	2.552	0	0	0.107247	-0.00568841
2.55368	6.48806e-05	0.00042	2.554	0	0	0.10795	-0.00655093
2.55554	7.8959e-05	0.00056	2.556	0	0	0.108654	-0.00741783
